 0.000      0 116
 0.001      1 116
 0.002      2 116
 0.003     -3 116
 0.004      2 115
 0.005      0 113
 0.006      3 114
 0.007      1 116
 0.008      1 116
 0.009     -1 116
 0.010      2 116
 0.011      1 117
 0.012      0 116
 0.013      1 115
 0.014      0 114
 0.015      0 115
 0.016      2 115
 0.017      0 115
 0.018      0 114
 0.019      0 114
 0.020      2 114
 0.021      0 113
 0.022      1 114
 0.023      0 114
 0.024      1 114
 0.025      0 114
 0.026      1 115
 0.027     -1 115
 0.028      2 115
 0.029      2 115
 0.030      0 114
 0.031      1 114
 0.032      0 115
 0.033      1 116
 0.034      2 116
 0.035      2 114
 0.036      3 112
 0.037      3 113
 0.038      2 114
 0.039      3 114
 0.040     -2 114
 0.041      0 113
 0.042      3 114
 0.043      0 115
 0.044      2 115
 0.045      0 115
 0.046      2 115
 0.047      2 115
 0.048     -2 115
 0.049      4 115
 0.050      0 115
 0.051     -1 114
 0.052      2 115
 0.053      1 115
 0.054      3 115
 0.055      1 115
 0.056      0 116
 0.057      3 115
 0.058      1 115
 0.059      4 117
 0.060      1 118
 0.061      2 116
 0.062      3 115
 0.063      1 115
 0.064      1 117
 0.065      3 117
 0.066      1 116
 0.067      0 116
 0.068      1 116
 0.069      2 115
 0.070      0 116
 0.071      1 116
 0.072      1 115
 0.073      0 114
 0.074      2 114
 0.075      1 115
 0.076     -2 115
 0.077     -1 115
 0.078      1 115
 0.079      2 115
 0.080      4 115
 0.081     -2 113
 0.082      0 113
 0.083     -1 115
 0.084      1 117
 0.085      3 116
 0.086      2 114
 0.087      0 115
 0.088      2 115
 0.089      1 115
 0.090      0 115
 0.091      0 115
 0.092      2 115
 0.093      2 116
 0.094      2 116
 0.095      0 115
 0.096      0 114
 0.097      1 115
 0.098      0 115
 0.099     -1 115
 0.100     -2 115
 0.101      2 116
 0.102      0 115
 0.103      3 113
 0.104      0 114
 0.105     -1 115
 0.106      0 116
 0.107      0 115
 0.108      3 115
 0.109     -2 115
 0.110      0 115
 0.111     -1 115
 0.112     -1 115
 0.113      1 115
 0.114      0 114
 0.115      3 115
 0.116      3 115
 0.117      2 115
 0.118      2 115
 0.119     -1 115
 0.120      1 114
 0.121      3 115
 0.122      0 116
 0.123      2 115
 0.124      3 115
 0.125      2 115
 0.126      2 115
 0.127      1 116
 0.128      0 116
 0.129      2 116
 0.130      3 115
 0.131      1 115
 0.132      0 115
 0.133     -1 115
 0.134      1 116
 0.135      3 117
 0.136      0 116
 0.137      2 115
 0.138      1 116
 0.139      1 115
 0.140      0 115
 0.141      3 115
 0.142      0 114
 0.143      1 114
 0.144      1 114
 0.145      1 115
 0.146      0 115
 0.147      2 115
 0.148      1 115
 0.149      0 115
 0.150      1 116
 0.151      0 115
 0.152     -1 115
 0.153      0 116
 0.154     -2 115
 0.155      1 113
 0.156      1 113
 0.157      2 114
 0.158      2 115
 0.159     -1 115
 0.160      2 115
 0.161     -1 114
 0.162      0 114
 0.163      0 114
 0.164      0 113
 0.165      2 114
 0.166     -1 115
 0.167     -1 116
 0.168      2 115
 0.169      0 115
 0.170      2 115
 0.171      1 116
 0.172      0 115
 0.173      3 114
 0.174      1 115
 0.175      0 116
 0.176      0 115
 0.177      0 114
 0.178      3 114
 0.179      3 115
 0.180      0 117
 0.181      3 115
 0.182      0 114
 0.183      3 114
 0.184     -1 115
 0.185      2 116
 0.186      1 116
 0.187      2 117
 0.188      1 116
 0.189      1 116
 0.190      2 116
 0.191     -1 115
 0.192      2 115
 0.193      2 116
 0.194      1 115
 0.195      0 114
 0.196      1 115
 0.197     -3 116
 0.198      1 115
 0.199      0 115
 0.200     -1 114
 0.201      3 113
 0.202      2 114
 0.203      2 114
 0.204      2 114
 0.205      5 115
 0.206      0 117
 0.207      2 116
 0.208      2 115
 0.209      0 115
 0.210      0 115
 0.211      2 116
 0.212      0 117
 0.213      0 118
 0.214      3 117
 0.215      0 115
 0.216     -1 115
 0.217      1 115
 0.218      1 115
 0.219      1 115
 0.220      0 116
 0.221      1 116
 0.222     -1 116
 0.223      2 114
 0.224      1 114
 0.225      0 114
 0.226      2 114
 0.227      2 115
 0.228      3 115
 0.229      1 115
 0.230      0 115
 0.231      1 115
 0.232      1 115
 0.233      0 115
 0.234      0 115
 0.235      1 115
 0.236      2 114
 0.237      1 113
 0.238      1 114
 0.239      3 115
 0.240     -2 114
 0.241     -1 115
 0.242      0 115
 0.243      1 115
 0.244      2 115
 0.245      2 115
 0.246      1 115
 0.247     -1 115
 0.248      2 115
 0.249     -1 116
 0.250     -1 116
 0.251      2 116
 0.252      2 116
 0.253      2 116
 0.254      5 115
 0.255      1 115
 0.256     -1 114
 0.257      3 115
 0.258      1 115
 0.259      0 115
 0.260      0 114
 0.261     -1 115
 0.262      0 116
 0.263      0 116
 0.264      0 115
 0.265      1 115
 0.266      0 116
 0.267     -1 116
 0.268      3 116
 0.269     -1 115
 0.270     -1 114
 0.271      2 114
 0.272      2 114
 0.273      1 114
 0.274      1 114
 0.275     -1 114
 0.276      1 115
 0.277      3 115
 0.278      1 116
 0.279     -2 116
 0.280      2 116
 0.281      0 116
 0.282      3 116
 0.283      0 115
 0.284     -1 113
 0.285      3 114
 0.286      0 116
 0.287      1 116
 0.288      2 116
 0.289      0 116
 0.290      4 116
 0.291      1 116
 0.292     -2 117
 0.293     -1 116
 0.294      3 115
 0.295      2 115
 0.296      3 116
 0.297      1 117
 0.298     -2 116
 0.299      0 115
 0.300      0 115
 0.301      4 115
 0.302     -2 115
 0.303      0 115
 0.304      2 115
 0.305     -1 114
 0.306      1 115
 0.307      1 116
 0.308      2 116
 0.309      1 117
 0.310      2 116
 0.311      0 116
 0.312      0 116
 0.313      2 115
 0.314      3 115
 0.315      1 116
 0.316      1 117
 0.317     -1 117
 0.318      2 116
 0.319      1 115
 0.320      3 116
 0.321      0 115
 0.322      0 115
 0.323      1 115
 0.324     -2 114
 0.325     -1 115
 0.326     -1 115
 0.327      1 115
 0.328     -2 116
 0.329      0 116
 0.330      2 116
 0.331      2 115
 0.332      2 115
 0.333      1 116
 0.334      2 115
 0.335      2 115
 0.336     -1 116
 0.337      1 117
 0.338      1 117
 0.339      0 116
 0.340      0 115
 0.341      0 114
 0.342      0 114
 0.343      0 116
 0.344      2 116
 0.345      1 115
 0.346      1 115
 0.347      1 114
 0.348      0 116
 0.349      2 116
 0.350      0 116
 0.351      1 116
 0.352     -1 115
 0.353      1 114
 0.354     -2 114
 0.355      0 115
 0.356      0 115
 0.357     -1 114
 0.358      1 114
 0.359      3 115
 0.360     -1 116
 0.361      0 116
 0.362      5 116
 0.363     -1 115
 0.364      1 115
 0.365      2 115
 0.366      0 114
 0.367      4 114
 0.368      0 113
 0.369      2 113
 0.370      2 114
 0.371      2 116
 0.372      2 117
 0.373     -1 116
 0.374      1 114
 0.375     -1 116
 0.376      0 116
 0.377     -1 115
 0.378     -1 115
 0.379      1 115
 0.380      3 115
 0.381      2 116
 0.382      2 116
 0.383      1 115
 0.384      0 115
 0.385     -1 114
 0.386      1 113
 0.387     -2 114
 0.388      1 116
 0.389      1 117
 0.390      2 117
 0.391      2 116
 0.392      3 115
 0.393      1 115
 0.394      3 115
 0.395      3 115
 0.396      2 116
 0.397     -2 115
 0.398      1 115
 0.399      3 115
 0.400     -1 116
 0.401      1 116
 0.402      1 115
 0.403      0 115
 0.404      0 114
 0.405      4 115
 0.406      0 116
 0.407      3 117
 0.408      3 116
 0.409     -3 114
 0.410      1 114
 0.411      2 115
 0.412     -1 116
 0.413      4 115
 0.414     -2 115
 0.415      1 115
 0.416      1 114
 0.417      0 115
 0.418      0 115
 0.419     -1 114
 0.420      2 115
 0.421      0 115
 0.422      3 114
 0.423     -1 114
 0.424     -1 115
 0.425      2 116
 0.426      2 115
 0.427      1 115
 0.428      2 115
 0.429      1 115
 0.430     -1 115
 0.431      1 114
 0.432      1 114
 0.433      0 115
 0.434      3 115
 0.435      0 116
 0.436      2 116
 0.437      2 115
 0.438      0 114
 0.439      4 113
 0.440     -1 114
 0.441      0 114
 0.442      1 113
 0.443      3 114
 0.444      2 115
 0.445      0 116
 0.446      0 116
 0.447      0 117
 0.448      2 116
 0.449      2 115
 0.450      1 114
 0.451      3 115
 0.452      1 116
 0.453      1 116
 0.454      1 116
 0.455     -1 115
 0.456     -1 114
 0.457      1 114
 0.458      0 114
 0.459      3 115
 0.460      2 116
 0.461      1 117
 0.462     -1 116
 0.463      0 115
 0.464      1 115
 0.465      1 116
 0.466      0 116
 0.467     -1 115
 0.468      1 115
 0.469     -1 116
 0.470      4 116
 0.471      0 115
 0.472     -2 114
 0.473      0 113
 0.474      3 113
 0.475     -1 114
 0.476     -1 115
 0.477      1 116
 0.478      1 116
 0.479      2 115
 0.480     -1 115
 0.481     -1 115
 0.482      2 116
 0.483      2 116
 0.484      1 116
 0.485      0 115
 0.486      1 115
 0.487      2 115
 0.488      2 115
 0.489      1 116
 0.490      0 116
 0.491      1 114
 0.492      0 114
 0.493      0 114
 0.494      3 114
 0.495     -1 114
 0.496      2 115
 0.497     -1 115
 0.498      2 115
 0.499      0 115
 0.500      1 114
 0.501      3 114
 0.502      1 116
 0.503      1 116
 0.504      0 116
 0.505     -1 115
 0.506      4 115
 0.507      3 115
 0.508      1 115
 0.509      0 115
 0.510     -1 115
 0.511     -1 114
 0.512      3 116
 0.513      2 117
 0.514      0 117
 0.515      3 117
 0.516      2 116
 0.517      2 115
 0.518     -1 114
 0.519      2 115
 0.520      1 116
 0.521      1 116
 0.522      1 115
 0.523      2 115
 0.524      0 115
 0.525      1 115
 0.526     -1 116
 0.527      1 116
 0.528     -1 115
 0.529      2 114
 0.530      0 114
 0.531      1 114
 0.532      0 115
 0.533     -2 115
 0.534      1 115
 0.535     -2 114
 0.536      2 115
 0.537     -1 116
 0.538     -1 117
 0.539      3 117
 0.540      3 117
 0.541      2 117
 0.542     -1 117
 0.543      1 116
 0.544      0 115
 0.545      1 116
 0.546      1 116
 0.547      1 116
 0.548      0 115
 0.549      1 114
 0.550      3 114
 0.551      2 116
 0.552      0 116
 0.553     -1 115
 0.554      1 116
 0.555     -1 116
 0.556      2 114
 0.557     -2 115
 0.558      0 117
 0.559      1 116
 0.560      2 114
 0.561      0 113
 0.562     -1 113
 0.563     -1 113
 0.564     -2 114
 0.565      1 115
 0.566      0 115
 0.567      3 116
 0.568      1 116
 0.569      0 116
 0.570      2 116
 0.571      1 115
 0.572      1 115
 0.573      0 114
 0.574      2 114
 0.575      0 115
 0.576      1 116
 0.577      0 114
 0.578      0 113
 0.579      2 114
 0.580     -1 114
 0.581      2 114
 0.582      1 115
 0.583      0 115
 0.584      1 115
 0.585      1 117
 0.586      1 117
 0.587      1 116
 0.588     -1 115
 0.589      0 115
 0.590      2 115
 0.591      1 115
 0.592      2 115
 0.593     -1 115
 0.594      1 114
 0.595      0 114
 0.596      1 114
 0.597      0 114
 0.598     -1 113
 0.599      2 114
 0.600      0 115
 0.601     -1 115
 0.602      3 114
 0.603      3 114
 0.604      2 114
 0.605      0 114
 0.606     -1 115
 0.607      1 115
 0.608      0 116
 0.609      0 115
 0.610      0 115
 0.611      0 114
 0.612      2 115
 0.613      0 116
 0.614      0 115
 0.615      4 115
 0.616     -1 115
 0.617      0 115
 0.618      1 115
 0.619      1 114
 0.620      1 114
 0.621      1 116
 0.622      4 117
 0.623     -1 116
 0.624      3 114
 0.625      2 114
 0.626      5 114
 0.627      0 114
 0.628      3 115
 0.629      1 115
 0.630      0 114
 0.631      4 114
 0.632     -1 115
 0.633      3 115
 0.634      0 115
 0.635      1 116
 0.636      0 115
 0.637      1 115
 0.638     -2 115
 0.639      1 114
 0.640      0 114
 0.641      0 114
 0.642      0 112
 0.643      0 113
 0.644      1 115
 0.645      2 115
 0.646      2 115
 0.647      0 116
 0.648      0 116
 0.649      0 115
 0.650      4 114
 0.651      0 115
 0.652      1 115
 0.653      1 115
 0.654      1 115
 0.655      0 114
 0.656      2 114
 0.657     -1 114
 0.658     -2 114
 0.659      0 115
 0.660      2 114
 0.661      2 115
 0.662      2 117
 0.663     -1 117
 0.664      2 116
 0.665      1 116
 0.666      2 116
 0.667      0 116
 0.668      1 115
 0.669      2 115
 0.670     -1 115
 0.671     -2 115
 0.672     -3 116
 0.673      0 115
 0.674      2 116
 0.675      3 116
 0.676      2 113
 0.677      3 114
 0.678      1 116
 0.679     -1 115
 0.680      0 115
 0.681      1 115
 0.682      2 115
 0.683      3 116
 0.684      1 116
 0.685      1 114
 0.686     -1 114
 0.687      2 115
 0.688      0 115
 0.689      0 115
 0.690      2 115
 0.691      0 115
 0.692      3 114
 0.693      2 113
 0.694      3 115
 0.695      1 115
 0.696      2 114
 0.697      2 115
 0.698      0 115
 0.699      0 115
 0.700      0 115
 0.701      0 116
 0.702      0 116
 0.703     -2 116
 0.704      2 115
 0.705      1 115
 0.706      2 116
 0.707      0 117
 0.708      2 116
 0.709      2 115
 0.710      2 116
 0.711     -2 116
 0.712      0 116
 0.713      3 116
 0.714      2 115
 0.715      1 114
 0.716      4 115
 0.717      0 116
 0.718      0 115
 0.719      2 115
 0.720      2 116
 0.721      0 115
 0.722      2 114
 0.723      2 113
 0.724      2 114
 0.725     -1 115
 0.726      0 115
 0.727      0 116
 0.728      0 117
 0.729      2 116
 0.730      1 115
 0.731      1 114
 0.732      0 113
 0.733      1 114
 0.734      1 115
 0.735      2 114
 0.736      0 115
 0.737      2 116
 0.738     -1 117
 0.739      0 116
 0.740      2 115
 0.741      3 115
 0.742      0 115
 0.743      2 115
 0.744      3 116
 0.745      2 116
 0.746      0 116
 0.747      3 115
 0.748     -2 114
 0.749      3 114
 0.750      1 115
 0.751     -1 115
 0.752      1 115
 0.753      0 115
 0.754      0 115
 0.755      1 115
 0.756     -1 115
 0.757      1 116
 0.758      2 116
 0.759      2 116
 0.760      2 116
 0.761      3 115
 0.762      0 114
 0.763      1 115
 0.764      2 114
 0.765      2 114
 0.766      4 114
 0.767      0 115
 0.768     -1 116
 0.769      1 116
 0.770      0 115
 0.771     -2 116
 0.772      2 116
 0.773      2 115
 0.774     -1 115
 0.775      3 115
 0.776      1 117
 0.777      1 116
 0.778     -2 116
 0.779     -1 116
 0.780      0 116
 0.781      2 114
 0.782      0 115
 0.783      3 115
 0.784      3 114
 0.785      3 113
 0.786      1 114
 0.787      2 115
 0.788      1 116
 0.789      2 117
 0.790     -2 116
 0.791      0 114
 0.792      0 113
 0.793     -1 113
 0.794      1 112
 0.795      2 113
 0.796      2 113
 0.797      1 113
 0.798      2 114
 0.799     -1 114
 0.800      2 114
 0.801     -1 115
 0.802      4 114
 0.803      2 114
 0.804      3 114
 0.805      2 115
 0.806      1 115
 0.807      3 116
 0.808      0 116
 0.809      1 115
 0.810      1 114
 0.811      3 114
 0.812      2 114
 0.813     -1 115
 0.814     -1 117
 0.815      0 117
 0.816      1 116
 0.817      3 114
 0.818      0 115
 0.819      0 115
 0.820     -2 115
 0.821      1 116
 0.822      3 116
 0.823      1 116
 0.824      2 116
 0.825      1 116
 0.826      1 114
 0.827      2 114
 0.828      2 115
 0.829     -2 115
 0.830      1 115
 0.831      1 116
 0.832      1 115
 0.833      2 114
 0.834      1 115
 0.835      3 116
 0.836     -1 115
 0.837     -3 114
 0.838      1 115
 0.839      1 115
 0.840     -2 114
 0.841      1 115
 0.842      1 116
 0.843      2 115
 0.844      0 113
 0.845      2 115
 0.846      3 116
 0.847      1 116
 0.848     -1 115
 0.849      2 115
 0.850      2 115
 0.851      2 115
 0.852      1 115
 0.853      0 115
 0.854      0 116
 0.855      2 115
 0.856      2 114
 0.857      3 114
 0.858      1 115
 0.859      0 116
 0.860      1 116
 0.861      2 115
 0.862      0 114
 0.863     -1 114
 0.864      1 115
 0.865      2 116
 0.866      2 115
 0.867     -1 113
 0.868      2 114
 0.869      1 114
 0.870      3 115
 0.871      0 114
 0.872      0 114
 0.873      1 116
 0.874      1 117
 0.875      0 116
 0.876      0 114
 0.877     -2 114
 0.878      1 115
 0.879     -1 115
 0.880     -1 114
 0.881      2 115
 0.882      0 116
 0.883     -2 116
 0.884      2 115
 0.885      0 114
 0.886      1 114
 0.887      1 115
 0.888      3 114
 0.889      2 114
 0.890     -2 115
 0.891      3 116
 0.892      6 116
 0.893      2 115
 0.894     -1 114
 0.895      0 114
 0.896     -1 115
 0.897     -2 115
 0.898      0 115
 0.899      2 115
 0.900      0 114
 0.901      0 113
 0.902      1 115
 0.903      1 116
 0.904      1 116
 0.905      2 114
 0.906      3 114
 0.907      1 114
 0.908      2 114
 0.909      1 114
 0.910      1 114
 0.911      3 115
 0.912      0 115
 0.913      2 115
 0.914     -1 115
 0.915      2 115
 0.916      2 114
 0.917      1 115
 0.918      0 115
 0.919      1 115
 0.920      1 116
 0.921      0 115
 0.922     -2 115
 0.923      1 115
 0.924      0 115
 0.925      1 116
 0.926      0 117
 0.927      0 116
 0.928     -1 116
 0.929      1 116
 0.930      2 115
 0.931      1 115
 0.932      1 115
 0.933      1 115
 0.934     -2 115
 0.935     -1 115
 0.936      1 115
 0.937      2 116
 0.938      1 116
 0.939      2 116
 0.940     -1 116
 0.941      0 115
 0.942      0 115
 0.943      1 116
 0.944      0 116
 0.945      0 115
 0.946      4 115
 0.947      1 115
 0.948      0 114
 0.949      1 115
 0.950      1 115
 0.951      1 115
 0.952      2 115
 0.953      3 114
 0.954      1 114
 0.955      3 116
 0.956      1 116
 0.957     -1 115
 0.958      1 114
 0.959      0 114
 0.960     -1 114
 0.961      1 115
 0.962     -1 115
 0.963      1 115
 0.964      1 114
 0.965      4 114
 0.966      1 114
 0.967      1 114
 0.968      2 115
 0.969      2 115
 0.970      4 115
 0.971      2 116
 0.972      0 117
 0.973      1 118
 0.974      0 116
 0.975      1 115
 0.976      0 114
 0.977      3 115
 0.978      2 116
 0.979      2 115
 0.980     -2 113
 0.981      1 114
 0.982      1 115
 0.983     -2 115
 0.984     -2 115
 0.985     -1 115
 0.986      3 114
 0.987      3 114
 0.988      1 115
 0.989      3 115
 0.990      1 116
 0.991     -1 115
 0.992     -1 114
 0.993      1 115
 0.994      2 115
 0.995      2 115
 0.996      1 116
 0.997      3 116
 0.998      0 116
 0.999      0 116
 1.000      0 115
 1.001      1 116
 1.002     -1 116
 1.003      1 115
 1.004      3 114
 1.005      2 115
 1.006     -1 116
 1.007      5 116
 1.008     -1 115
 1.009      1 114
 1.010      2 113
 1.011      0 114
 1.012      2 115
 1.013      5 116
 1.014      3 116
 1.015      3 116
 1.016      5 115
 1.017      1 114
 1.018      9 114
 1.019      8 114
 1.020      5 113
 1.021      5 114
 1.022      8 116
 1.023      5 115
 1.024     10 115
 1.025      9 115
 1.026      8 115
 1.027      8 114
 1.028      9 115
 1.029     12 115
 1.030     13 115
 1.031     13 115
 1.032     12 117
 1.033     12 117
 1.034     15 115
 1.035     17 114
 1.036     13 114
 1.037     17 114
 1.038     19 114
 1.039     20 114
 1.040     19 114
 1.041     22 114
 1.042     20 115
 1.043     20 116
 1.044     23 117
 1.045     22 117
 1.046     24 116
 1.047     28 115
 1.048     28 115
 1.049     29 114
 1.050     32 114
 1.051     34 115
 1.052     33 115
 1.053     35 115
 1.054     33 115
 1.055     36 116
 1.056     40 117
 1.057     40 115
 1.058     42 114
 1.059     44 114
 1.060     41 115
 1.061     44 115
 1.062     44 115
 1.063     51 115
 1.064     48 115
 1.065     52 116
 1.066     54 115
 1.067     55 114
 1.068     54 114
 1.069     55 115
 1.070     60 116
 1.071     61 115
 1.072     63 115
 1.073     63 115
 1.074     66 116
 1.075     68 116
 1.076     71 116
 1.077     70 116
 1.078     70 115
 1.079     74 116
 1.080     78 117
 1.081     79 116
 1.082     80 116
 1.083     83 115
 1.084     85 115
 1.085     86 115
 1.086     90 115
 1.087     90 115
 1.088     93 115
 1.089     95 115
 1.090     95 114
 1.091    100 112
 1.092    103 114
 1.093    104 116
 1.094    105 117
 1.095    106 116
 1.096    112 115
 1.097    113 115
 1.098    114 116
 1.099    118 115
 1.100    117 115
 1.101    122 115
 1.102    125 115
 1.103    126 115
 1.104    128 116
 1.105    131 116
 1.106    135 115
 1.107    136 115
 1.108    138 116
 1.109    144 115
 1.110    147 115
 1.111    149 115
 1.112    148 115
 1.113    152 115
 1.114    154 117
 1.115    159 117
 1.116    161 116
 1.117    161 115
 1.118    164 115
 1.119    170 116
 1.120    171 115
 1.121    176 115
 1.122    178 116
 1.123    181 115
 1.124    183 116
 1.125    187 116
 1.126    188 116
 1.127    190 117
 1.128    191 117
 1.129    200 116
 1.130    200 116
 1.131    205 116
 1.132    210 116
 1.133    212 116
 1.134    213 116
 1.135    218 117
 1.136    219 118
 1.137    224 118
 1.138    230 117
 1.139    231 117
 1.140    233 116
 1.141    237 115
 1.142    241 114
 1.143    243 114
 1.144    247 115
 1.145    250 116
 1.146    254 117
 1.147    256 117
 1.148    261 115
 1.149    265 115
 1.150    266 116
 1.151    272 116
 1.152    274 116
 1.153    276 116
 1.154    281 116
 1.155    288 116
 1.156    288 116
 1.157    294 116
 1.158    297 115
 1.159    300 116
 1.160    303 117
 1.161    307 117
 1.162    314 117
 1.163    316 118
 1.164    321 119
 1.165    322 118
 1.166    330 115
 1.167    329 115
 1.168    336 116
 1.169    340 116
 1.170    343 115
 1.171    347 115
 1.172    350 116
 1.173    357 118
 1.174    361 118
 1.175    363 117
 1.176    369 117
 1.177    374 116
 1.178    377 115
 1.179    384 115
 1.180    386 115
 1.181    390 117
 1.182    393 118
 1.183    396 116
 1.184    403 117
 1.185    408 119
 1.186    410 118
 1.187    414 116
 1.188    419 116
 1.189    425 115
 1.190    431 116
 1.191    438 116
 1.192    438 116
 1.193    443 116
 1.194    449 117
 1.195    450 116
 1.196    456 116
 1.197    462 117
 1.198    465 118
 1.199    471 117
 1.200    474 117
 1.201    480 118
 1.202    484 118
 1.203    489 117
 1.204    493 117
 1.205    497 117
 1.206    504 117
 1.207    509 118
 1.208    515 118
 1.209    521 118
 1.210    525 117
 1.211    530 116
 1.212    535 117
 1.213    540 117
 1.214    544 117
 1.215    551 118
 1.216    554 118
 1.217    559 117
 1.218    564 118
 1.219    573 117
 1.220    577 116
 1.221    582 117
 1.222    585 118
 1.223    588 117
 1.224    596 117
 1.225    599 117
 1.226    609 118
 1.227    614 118
 1.228    619 118
 1.229    622 117
 1.230    629 117
 1.231    634 117
 1.232    640 118
 1.233    645 118
 1.234    652 118
 1.235    655 117
 1.236    664 118
 1.237    669 119
 1.238    674 118
 1.239    682 117
 1.240    686 117
 1.241    688 118
 1.242    695 118
 1.243    702 117
 1.244    707 118
 1.245    715 119
 1.246    720 117
 1.247    726 117
 1.248    732 119
 1.249    737 119
 1.250    744 118
 1.251    749 119
 1.252    755 119
 1.253    763 117
 1.254    765 116
 1.255    771 117
 1.256    779 117
 1.257    788 117
 1.258    793 117
 1.259    798 119
 1.260    804 121
 1.261    812 120
 1.262    820 119
 1.263    824 119
 1.264    833 118
 1.265    836 118
 1.266    839 118
 1.267    848 119
 1.268    854 119
 1.269    861 120
 1.270    867 120
 1.271    875 119
 1.272    882 118
 1.273    888 118
 1.274    893 118
 1.275    901 119
 1.276    908 119
 1.277    915 119
 1.278    919 119
 1.279    929 119
 1.280    931 120
 1.281    939 120
 1.282    947 119
 1.283    953 118
 1.284    960 118
 1.285    970 119
 1.286    977 119
 1.287    981 119
 1.288    987 120
 1.289    997 120
 1.290   1002 119
 1.291   1008 119
 1.292   1016 120
 1.293   1021 119
 1.294   1028 118
 1.295   1036 119
 1.296   1042 119
 1.297   1049 119
 1.298   1058 119
 1.299   1065 119
 1.300   1073 120
 1.301   1079 120
 1.302   1086 119
 1.303   1096 120
 1.304   1101 119
 1.305   1111 118
 1.306   1117 118
 1.307   1124 120
 1.308   1128 120
 1.309   1137 119
 1.310   1148 119
 1.311   1155 118
 1.312   1162 119
 1.313   1170 120
 1.314   1175 121
 1.315   1183 121
 1.316   1189 120
 1.317   1198 120
 1.318   1205 119
 1.319   1211 119
 1.320   1220 119
 1.321   1228 120
 1.322   1238 120
 1.323   1245 120
 1.324   1254 121
 1.325   1260 121
 1.326   1268 120
 1.327   1277 120
 1.328   1282 120
 1.329   1292 120
 1.330   1297 120
 1.331   1307 121
 1.332   1314 122
 1.333   1322 122
 1.334   1331 121
 1.335   1340 121
 1.336   1344 121
 1.337   1355 121
 1.338   1366 120
 1.339   1371 120
 1.340   1377 122
 1.341   1386 122
 1.342   1395 120
 1.343   1402 120
 1.344   1415 119
 1.345   1421 119
 1.346   1430 121
 1.347   1435 121
 1.348   1443 121
 1.349   1452 120
 1.350   1461 120
 1.351   1469 121
 1.352   1481 121
 1.353   1487 120
 1.354   1497 120
 1.355   1501 121
 1.356   1514 121
 1.357   1521 121
 1.358   1532 121
 1.359   1538 121
 1.360   1545 122
 1.361   1556 122
 1.362   1565 122
 1.363   1572 122
 1.364   1579 122
 1.365   1592 122
 1.366   1598 121
 1.367   1607 121
 1.368   1615 120
 1.369   1631 120
 1.370   1636 121
 1.371   1646 122
 1.372   1653 122
 1.373   1664 122
 1.374   1670 122
 1.375   1679 122
 1.376   1690 122
 1.377   1699 122
 1.378   1711 123
 1.379   1716 122
 1.380   1725 122
 1.381   1737 123
 1.382   1744 122
 1.383   1753 121
 1.384   1764 121
 1.385   1771 121
 1.386   1781 122
 1.387   1789 123
 1.388   1798 123
 1.389   1810 122
 1.390   1815 123
 1.391   1826 123
 1.392   1836 123
 1.393   1846 122
 1.394   1855 121
 1.395   1867 121
 1.396   1875 122
 1.397   1886 122
 1.398   1894 123
 1.399   1901 123
 1.400   1915 122
 1.401   1923 122
 1.402   1934 123
 1.403   1942 125
 1.404   1951 124
 1.405   1962 123
 1.406   1970 123
 1.407   1981 124
 1.408   1991 124
 1.409   2001 124
 1.410   2012 124
 1.411   2020 124
 1.412   2030 124
 1.413   2042 123
 1.414   2049 123
 1.415   2061 123
 1.416   2071 125
 1.417   2082 125
 1.418   2092 124
 1.419   2097 124
 1.420   2109 125
 1.421   2120 124
 1.422   2130 123
 1.423   2140 124
 1.424   2152 125
 1.425   2159 124
 1.426   2172 123
 1.427   2181 124
 1.428   2191 124
 1.429   2201 123
 1.430   2212 123
 1.431   2224 123
 1.432   2234 123
 1.433   2243 125
 1.434   2252 125
 1.435   2263 125
 1.436   2276 126
 1.437   2286 126
 1.438   2294 125
 1.439   2309 124
 1.440   2317 124
 1.441   2327 125
 1.442   2339 125
 1.443   2348 125
 1.444   2363 125
 1.445   2371 125
 1.446   2381 125
 1.447   2392 124
 1.448   2401 124
 1.449   2414 124
 1.450   2425 124
 1.451   2435 125
 1.452   2446 125
 1.453   2460 125
 1.454   2468 126
 1.455   2479 126
 1.456   2489 126
 1.457   2502 125
 1.458   2513 125
 1.459   2524 125
 1.460   2534 125
 1.461   2548 125
 1.462   2558 125
 1.463   2570 125
 1.464   2576 125
 1.465   2588 126
 1.466   2601 127
 1.467   2614 125
 1.468   2624 124
 1.469   2637 125
 1.470   2645 126
 1.471   2658 127
 1.472   2669 126
 1.473   2681 126
 1.474   2693 127
 1.475   2705 127
 1.476   2718 127
 1.477   2730 127
 1.478   2739 127
 1.479   2752 127
 1.480   2761 126
 1.481   2773 127
 1.482   2781 127
 1.483   2791 126
 1.484   2806 127
 1.485   2820 128
 1.486   2831 128
 1.487   2844 129
 1.488   2857 128
 1.489   2866 127
 1.490   2877 127
 1.491   2887 128
 1.492   2901 128
 1.493   2916 128
 1.494   2924 128
 1.495   2935 128
 1.496   2950 128
 1.497   2959 128
 1.498   2973 127
 1.499   2984 126
 1.500   3002 127
 1.501   3009 128
 1.502   3021 126
 1.503   3034 126
 1.504   3049 128
 1.505   3058 129
 1.506   3071 127
 1.507   3081 126
 1.508   3097 126
 1.509   3107 128
 1.510   3119 129
 1.511   3131 128
 1.512   3144 128
 1.513   3157 128
 1.514   3167 129
 1.515   3181 128
 1.516   3192 128
 1.517   3208 127
 1.518   3218 128
 1.519   3229 129
 1.520   3243 128
 1.521   3257 128
 1.522   3271 129
 1.523   3282 130
 1.524   3294 130
 1.525   3307 128
 1.526   3318 128
 1.527   3334 129
 1.528   3340 130
 1.529   3357 130
 1.530   3368 130
 1.531   3384 129
 1.532   3395 129
 1.533   3411 129
 1.534   3421 128
 1.535   3435 128
 1.536   3447 130
 1.537   3460 130
 1.538   3471 130
 1.539   3485 130
 1.540   3500 131
 1.541   3515 131
 1.542   3526 130
 1.543   3539 130
 1.544   3552 129
 1.545   3565 129
 1.546   3580 130
 1.547   3590 130
 1.548   3604 130
 1.549   3617 129
 1.550   3629 131
 1.551   3644 131
 1.552   3658 130
 1.553   3669 130
 1.554   3685 130
 1.555   3695 130
 1.556   3710 131
 1.557   3725 131
 1.558   3739 131
 1.559   3751 131
 1.560   3765 132
 1.561   3777 133
 1.562   3791 131
 1.563   3804 131
 1.564   3819 131
 1.565   3832 131
 1.566   3844 132
 1.567   3860 132
 1.568   3872 131
 1.569   3885 129
 1.570   3900 130
 1.571   3910 132
 1.572   3928 131
 1.573   3945 131
 1.574   3955 132
 1.575   3969 132
 1.576   3984 131
 1.577   4000 130
 1.578   4009 131
 1.579   4026 132
 1.580   4039 131
 1.581   4050 131
 1.582   4067 132
 1.583   4082 133
 1.584   4093 133
 1.585   4111 133
 1.586   4125 132
 1.587   4137 132
 1.588   4148 132
 1.589   4165 132
 1.590   4180 133
 1.591   4193 133
 1.592   4208 133
 1.593   4222 132
 1.594   4237 131
 1.595   4252 131
 1.596   4263 132
 1.597   4281 133
 1.598   4293 132
 1.599   4308 131
 1.600   4325 130
 1.601   4334 131
 1.602   4352 132
 1.603   4368 132
 1.604   4382 133
 1.605   4398 132
 1.606   4411 132
 1.607   4421 133
 1.608   4439 132
 1.609   4451 132
 1.610   4470 132
 1.611   4482 133
 1.612   4497 133
 1.613   4514 132
 1.614   4526 133
 1.615   4545 135
 1.616   4556 135
 1.617   4569 135
 1.618   4585 134
 1.619   4603 134
 1.620   4616 133
 1.621   4630 134
 1.622   4646 134
 1.623   4664 133
 1.624   4675 133
 1.625   4691 134
 1.626   4704 133
 1.627   4719 133
 1.628   4737 135
 1.629   4752 135
 1.630   4767 134
 1.631   4781 133
 1.632   4797 135
 1.633   4811 136
 1.634   4826 137
 1.635   4842 137
 1.636   4858 138
 1.637   4872 137
 1.638   4883 136
 1.639   4902 135
 1.640   4915 134
 1.641   4933 135
 1.642   4949 135
 1.643   4963 135
 1.644   4980 134
 1.645   4995 135
 1.646   5013 136
 1.647   5025 136
 1.648   5041 137
 1.649   5058 138
 1.650   5073 137
 1.651   5088 137
 1.652   5103 137
 1.653   5119 136
 1.654   5135 135
 1.655   5149 135
 1.656   5165 135
 1.657   5182 136
 1.658   5198 137
 1.659   5212 137
 1.660   5229 136
 1.661   5245 136
 1.662   5262 137
 1.663   5277 136
 1.664   5291 136
 1.665   5308 136
 1.666   5323 137
 1.667   5340 137
 1.668   5357 137
 1.669   5373 138
 1.670   5387 138
 1.671   5405 139
 1.672   5416 139
 1.673   5435 139
 1.674   5449 138
 1.675   5466 138
 1.676   5483 139
 1.677   5500 138
 1.678   5515 136
 1.679   5532 137
 1.680   5549 139
 1.681   5563 139
 1.682   5578 139
 1.683   5594 138
 1.684   5614 139
 1.685   5627 140
 1.686   5642 140
 1.687   5664 139
 1.688   5679 138
 1.689   5695 138
 1.690   5711 139
 1.691   5727 140
 1.692   5745 140
 1.693   5762 139
 1.694   5778 138
 1.695   5791 138
 1.696   5808 139
 1.697   5824 140
 1.698   5843 140
 1.699   5861 139
 1.700   5874 139
 1.701   5892 139
 1.702   5912 138
 1.703   5923 140
 1.704   5941 140
 1.705   5960 140
 1.706   5975 140
 1.707   5992 139
 1.708   6014 139
 1.709   6023 140
 1.710   6044 141
 1.711   6061 139
 1.712   6076 138
 1.713   6095 140
 1.714   6111 141
 1.715   6127 141
 1.716   6143 142
 1.717   6159 142
 1.718   6176 141
 1.719   6193 140
 1.720   6213 141
 1.721   6228 142
 1.722   6244 142
 1.723   6261 142
 1.724   6279 141
 1.725   6296 141
 1.726   6314 142
 1.727   6330 142
 1.728   6349 143
 1.729   6366 144
 1.730   6385 144
 1.731   6399 143
 1.732   6415 142
 1.733   6431 142
 1.734   6452 142
 1.735   6467 142
 1.736   6484 142
 1.737   6503 142
 1.738   6519 143
 1.739   6537 143
 1.740   6553 142
 1.741   6571 142
 1.742   6589 142
 1.743   6606 143
 1.744   6625 143
 1.745   6641 143
 1.746   6658 142
 1.747   6682 141
 1.748   6693 142
 1.749   6715 142
 1.750   6730 143
 1.751   6747 143
 1.752   6763 143
 1.753   6783 143
 1.754   6798 143
 1.755   6820 142
 1.756   6836 144
 1.757   6854 144
 1.758   6869 144
 1.759   6887 145
 1.760   6906 145
 1.761   6922 144
 1.762   6942 144
 1.763   6959 145
 1.764   6976 145
 1.765   6994 145
 1.766   7014 145
 1.767   7033 146
 1.768   7049 146
 1.769   7067 146
 1.770   7084 146
 1.771   7102 145
 1.772   7121 144
 1.773   7139 144
 1.774   7156 144
 1.775   7173 144
 1.776   7194 144
 1.777   7213 145
 1.778   7229 145
 1.779   7250 145
 1.780   7269 144
 1.781   7281 145
 1.782   7297 145
 1.783   7319 145
 1.784   7337 144
 1.785   7357 144
 1.786   7374 145
 1.787   7392 146
 1.788   7412 145
 1.789   7429 145
 1.790   7446 146
 1.791   7462 146
 1.792   7483 147
 1.793   7502 147
 1.794   7520 145
 1.795   7540 145
 1.796   7556 145
 1.797   7573 147
 1.798   7592 148
 1.799   7610 147
 1.800   7629 147
 1.801   7647 147
 1.802   7667 147
 1.803   7683 147
 1.804   7704 147
 1.805   7720 147
 1.806   7736 147
 1.807   7759 148
 1.808   7780 148
 1.809   7797 148
 1.810   7816 149
 1.811   7833 149
 1.812   7849 148
 1.813   7870 148
 1.814   7889 149
 1.815   7909 149
 1.816   7926 149
 1.817   7945 149
 1.818   7962 148
 1.819   7981 148
 1.820   8002 148
 1.821   8020 148
 1.822   8035 148
 1.823   8059 148
 1.824   8077 148
 1.825   8094 149
 1.826   8112 151
 1.827   8131 151
 1.828   8146 149
 1.829   8169 148
 1.830   8188 148
 1.831   8208 149
 1.832   8225 149
 1.833   8246 150
 1.834   8266 151
 1.835   8282 150
 1.836   8303 150
 1.837   8321 150
 1.838   8341 150
 1.839   8357 149
 1.840   8378 150
 1.841   8396 151
 1.842   8416 151
 1.843   8433 150
 1.844   8453 149
 1.845   8472 150
 1.846   8489 151
 1.847   8509 151
 1.848   8530 150
 1.849   8549 150
 1.850   8568 150
 1.851   8586 150
 1.852   8602 151
 1.853   8622 150
 1.854   8645 151
 1.855   8665 151
 1.856   8683 151
 1.857   8703 152
 1.858   8722 152
 1.859   8743 151
 1.860   8759 152
 1.861   8778 152
 1.862   8799 151
 1.863   8815 152
 1.864   8836 153
 1.865   8855 152
 1.866   8876 153
 1.867   8895 153
 1.868   8915 154
 1.869   8933 154
 1.870   8953 153
 1.871   8970 153
 1.872   8990 153
 1.873   9009 153
 1.874   9032 153
 1.875   9049 153
 1.876   9070 154
 1.877   9086 154
 1.878   9108 155
 1.879   9130 154
 1.880   9145 153
 1.881   9168 151
 1.882   9184 151
 1.883   9205 153
 1.884   9223 153
 1.885   9244 154
 1.886   9264 154
 1.887   9282 153
 1.888   9302 153
 1.889   9321 153
 1.890   9343 153
 1.891   9361 153
 1.892   9383 153
 1.893   9401 153
 1.894   9419 153
 1.895   9441 154
 1.896   9458 155
 1.897   9480 155
 1.898   9497 155
 1.899   9517 154
 1.900   9535 155
 1.901   9555 155
 1.902   9575 155
 1.903   9595 154
 1.904   9612 155
 1.905   9635 156
 1.906   9655 154
 1.907   9677 154
 1.908   9696 156
 1.909   9715 157
 1.910   9734 157
 1.911   9755 156
 1.912   9776 156
 1.913   9794 156
 1.914   9815 155
 1.915   9834 155
 1.916   9854 156
 1.917   9875 156
 1.918   9891 156
 1.919   9914 156
 1.920   9934 158
 1.921   9950 159
 1.922   9973 158
 1.923   9990 158
 1.924  10010 159
 1.925  10028 158
 1.926  10051 157
 1.927  10073 156
 1.928  10091 157
 1.929  10110 157
 1.930  10130 158
 1.931  10151 158
 1.932  10174 157
 1.933  10194 156
 1.934  10209 158
 1.935  10228 159
 1.936  10250 159
 1.937  10271 159
 1.938  10289 158
 1.939  10312 158
 1.940  10330 158
 1.941  10349 157
 1.942  10368 157
 1.943  10388 159
 1.944  10409 159
 1.945  10430 158
 1.946  10449 158
 1.947  10467 160
 1.948  10487 160
 1.949  10510 160
 1.950  10531 160
 1.951  10552 159
 1.952  10569 159
 1.953  10588 160
 1.954  10609 161
 1.955  10630 160
 1.956  10647 159
 1.957  10668 159
 1.958  10689 159
 1.959  10708 160
 1.960  10727 161
 1.961  10750 162
 1.962  10770 161
 1.963  10790 160
 1.964  10811 161
 1.965  10827 160
 1.966  10847 158
 1.967  10870 160
 1.968  10887 162
 1.969  10910 162
 1.970  10929 160
 1.971  10948 160
 1.972  10969 160
 1.973  10991 160
 1.974  11009 162
 1.975  11027 162
 1.976  11051 161
 1.977  11070 161
 1.978  11092 162
 1.979  11109 161
 1.980  11127 161
 1.981  11149 161
 1.982  11171 161
 1.983  11191 161
 1.984  11212 162
 1.985  11231 162
 1.986  11250 162
 1.987  11271 162
 1.988  11291 162
 1.989  11309 162
 1.990  11330 162
 1.991  11353 163
 1.992  11369 163
 1.993  11388 163
 1.994  11410 162
 1.995  11431 162
 1.996  11452 163
 1.997  11472 162
 1.998  11491 162
 1.999  11513 163
 2.000  11532 163
 2.001  11550 163
 2.002  11571 163
 2.003  11593 164
 2.004  11612 164
 2.005  11633 164
 2.006  11652 163
 2.007  11671 163
 2.008  11690 164
 2.009  11714 164
 2.010  11736 164
 2.011  11751 163
 2.012  11772 164
 2.013  11792 164
 2.014  11814 163
 2.015  11833 163
 2.016  11855 164
 2.017  11872 165
 2.018  11892 165
 2.019  11911 164
 2.020  11933 166
 2.021  11950 167
 2.022  11972 167
 2.023  11993 165
 2.024  12010 165
 2.025  12033 165
 2.026  12049 166
 2.027  12072 166
 2.028  12091 166
 2.029  12110 166
 2.030  12133 167
 2.031  12150 167
 2.032  12172 166
 2.033  12193 166
 2.034  12211 166
 2.035  12234 166
 2.036  12250 167
 2.037  12272 166
 2.038  12293 166
 2.039  12311 166
 2.040  12331 166
 2.041  12355 166
 2.042  12370 166
 2.043  12393 166
 2.044  12409 167
 2.045  12431 167
 2.046  12452 167
 2.047  12471 168
 2.048  12491 167
 2.049  12509 166
 2.050  12528 166
 2.051  12549 167
 2.052  12568 169
 2.053  12591 168
 2.054  12611 167
 2.055  12630 167
 2.056  12649 167
 2.057  12669 167
 2.058  12688 168
 2.059  12709 169
 2.060  12730 169
 2.061  12747 169
 2.062  12768 168
 2.063  12786 167
 2.064  12807 168
 2.065  12825 169
 2.066  12844 168
 2.067  12865 166
 2.068  12887 166
 2.069  12905 167
 2.070  12926 168
 2.071  12949 169
 2.072  12968 168
 2.073  12983 168
 2.074  13005 169
 2.075  13025 170
 2.076  13047 170
 2.077  13063 169
 2.078  13083 168
 2.079  13103 168
 2.080  13124 168
 2.081  13142 169
 2.082  13161 170
 2.083  13181 170
 2.084  13198 169
 2.085  13222 169
 2.086  13239 170
 2.087  13260 171
 2.088  13277 170
 2.089  13300 171
 2.090  13318 171
 2.091  13338 171
 2.092  13358 170
 2.093  13376 170
 2.094  13394 170
 2.095  13414 170
 2.096  13433 170
 2.097  13455 171
 2.098  13470 171
 2.099  13496 172
 2.100  13514 172
 2.101  13533 171
 2.102  13551 171
 2.103  13572 171
 2.104  13591 170
 2.105  13608 171
 2.106  13628 172
 2.107  13647 172
 2.108  13668 173
 2.109  13684 173
 2.110  13704 173
 2.111  13723 174
 2.112  13740 174
 2.113  13762 174
 2.114  13784 174
 2.115  13800 173
 2.116  13819 172
 2.117  13840 173
 2.118  13859 172
 2.119  13879 171
 2.120  13897 171
 2.121  13915 172
 2.122  13934 174
 2.123  13951 174
 2.124  13971 174
 2.125  13991 175
 2.126  14013 174
 2.127  14029 174
 2.128  14046 174
 2.129  14067 175
 2.130  14088 174
 2.131  14103 173
 2.132  14123 173
 2.133  14145 174
 2.134  14160 173
 2.135  14182 172
 2.136  14199 173
 2.137  14216 175
 2.138  14237 177
 2.139  14255 177
 2.140  14273 176
 2.141  14293 176
 2.142  14310 175
 2.143  14326 175
 2.144  14348 176
 2.145  14365 176
 2.146  14384 177
 2.147  14403 177
 2.148  14419 176
 2.149  14440 175
 2.150  14462 175
 2.151  14477 175
 2.152  14496 176
 2.153  14514 177
 2.154  14529 177
 2.155  14555 175
 2.156  14568 175
 2.157  14588 175
 2.158  14607 176
 2.159  14626 177
 2.160  14644 177
 2.161  14661 176
 2.162  14679 176
 2.163  14698 176
 2.164  14716 177
 2.165  14730 177
 2.166  14752 177
 2.167  14769 177
 2.168  14786 176
 2.169  14806 176
 2.170  14826 177
 2.171  14842 177
 2.172  14859 176
 2.173  14874 176
 2.174  14893 177
 2.175  14914 177
 2.176  14931 177
 2.177  14948 178
 2.178  14969 178
 2.179  14987 178
 2.180  15002 178
 2.181  15021 177
 2.182  15040 179
 2.183  15058 179
 2.184  15075 178
 2.185  15092 177
 2.186  15107 177
 2.187  15126 177
 2.188  15142 178
 2.189  15162 179
 2.190  15181 179
 2.191  15194 179
 2.192  15215 179
 2.193  15231 178
 2.194  15248 177
 2.195  15266 178
 2.196  15285 179
 2.197  15299 178
 2.198  15318 178
 2.199  15336 179
 2.200  15353 179
 2.201  15372 179
 2.202  15389 179
 2.203  15404 179
 2.204  15421 179
 2.205  15440 180
 2.206  15457 180
 2.207  15472 180
 2.208  15492 180
 2.209  15505 180
 2.210  15522 179
 2.211  15541 178
 2.212  15559 179
 2.213  15573 179
 2.214  15591 178
 2.215  15606 179
 2.216  15623 179
 2.217  15639 179
 2.218  15657 180
 2.219  15676 181
 2.220  15688 181
 2.221  15709 182
 2.222  15721 181
 2.223  15740 180
 2.224  15756 181
 2.225  15775 180
 2.226  15789 179
 2.227  15805 179
 2.228  15824 180
 2.229  15837 181
 2.230  15855 181
 2.231  15871 183
 2.232  15888 183
 2.233  15904 182
 2.234  15917 181
 2.235  15934 180
 2.236  15948 180
 2.237  15968 181
 2.238  15984 182
 2.239  15999 181
 2.240  16016 180
 2.241  16031 182
 2.242  16047 183
 2.243  16062 182
 2.244  16079 181
 2.245  16095 182
 2.246  16109 182
 2.247  16126 181
 2.248  16143 181
 2.249  16158 182
 2.250  16174 182
 2.251  16186 182
 2.252  16201 182
 2.253  16219 182
 2.254  16236 182
 2.255  16249 182
 2.256  16265 182
 2.257  16278 182
 2.258  16296 182
 2.259  16310 181
 2.260  16323 181
 2.261  16341 183
 2.262  16357 183
 2.263  16371 182
 2.264  16387 182
 2.265  16402 182
 2.266  16416 182
 2.267  16430 183
 2.268  16445 184
 2.269  16457 183
 2.270  16475 183
 2.271  16490 184
 2.272  16503 184
 2.273  16518 184
 2.274  16533 184
 2.275  16548 184
 2.276  16560 184
 2.277  16574 184
 2.278  16590 185
 2.279  16603 184
 2.280  16617 183
 2.281  16633 184
 2.282  16647 184
 2.283  16661 184
 2.284  16675 183
 2.285  16690 183
 2.286  16703 183
 2.287  16718 185
 2.288  16734 187
 2.289  16744 187
 2.290  16759 185
 2.291  16773 184
 2.292  16788 186
 2.293  16801 186
 2.294  16818 185
 2.295  16833 185
 2.296  16842 185
 2.297  16853 186
 2.298  16870 185
 2.299  16881 183
 2.300  16896 184
 2.301  16910 186
 2.302  16923 187
 2.303  16938 185
 2.304  16948 185
 2.305  16961 187
 2.306  16973 187
 2.307  16986 187
 2.308  17003 185
 2.309  17012 186
 2.310  17029 186
 2.311  17042 185
 2.312  17052 185
 2.313  17066 186
 2.314  17077 187
 2.315  17089 186
 2.316  17103 186
 2.317  17111 186
 2.318  17127 186
 2.319  17142 186
 2.320  17153 186
 2.321  17165 185
 2.322  17180 186
 2.323  17188 188
 2.324  17202 188
 2.325  17212 188
 2.326  17228 187
 2.327  17241 187
 2.328  17250 187
 2.329  17259 187
 2.330  17274 187
 2.331  17285 187
 2.332  17296 188
 2.333  17307 187
 2.334  17321 186
 2.335  17334 186
 2.336  17344 187
 2.337  17356 187
 2.338  17370 188
 2.339  17377 188
 2.340  17389 189
 2.341  17404 187
 2.342  17409 187
 2.343  17424 187
 2.344  17434 187
 2.345  17447 187
 2.346  17455 188
 2.347  17466 188
 2.348  17478 188
 2.349  17492 188
 2.350  17501 187
 2.351  17510 187
 2.352  17523 188
 2.353  17533 189
 2.354  17542 188
 2.355  17547 187
 2.356  17563 188
 2.357  17573 188
 2.358  17583 187
 2.359  17595 188
 2.360  17604 190
 2.361  17613 190
 2.362  17624 189
 2.363  17635 189
 2.364  17644 189
 2.365  17655 190
 2.366  17661 190
 2.367  17675 190
 2.368  17685 191
 2.369  17691 191
 2.370  17704 190
 2.371  17713 189
 2.372  17723 188
 2.373  17731 188
 2.374  17739 188
 2.375  17750 188
 2.376  17758 188
 2.377  17768 190
 2.378  17778 191
 2.379  17783 189
 2.380  17792 189
 2.381  17805 190
 2.382  17815 190
 2.383  17822 189
 2.384  17828 191
 2.385  17838 192
 2.386  17847 191
 2.387  17855 189
 2.388  17862 189
 2.389  17874 189
 2.390  17883 189
 2.391  17889 188
 2.392  17897 189
 2.393  17905 189
 2.394  17916 189
 2.395  17919 189
 2.396  17928 189
 2.397  17937 189
 2.398  17946 190
 2.399  17955 190
 2.400  17962 191
 2.401  17969 190
 2.402  17975 190
 2.403  17984 191
 2.404  17991 190
 2.405  17997 189
 2.406  18007 188
 2.407  18012 187
 2.408  18019 188
 2.409  18026 188
 2.410  18033 189
 2.411  18038 191
 2.412  18047 191
 2.413  18052 190
 2.414  18061 190
 2.415  18068 190
 2.416  18073 189
 2.417  18077 189
 2.418  18086 190
 2.419  18094 192
 2.420  18099 193
 2.421  18105 192
 2.422  18109 191
 2.423  18120 190
 2.424  18123 188
 2.425  18129 188
 2.426  18135 189
 2.427  18140 189
 2.428  18147 189
 2.429  18154 190
 2.430  18161 192
 2.431  18161 193
 2.432  18169 192
 2.433  18176 190
 2.434  18183 190
 2.435  18187 189
 2.436  18191 189
 2.437  18195 191
 2.438  18201 191
 2.439  18207 190
 2.440  18209 188
 2.441  18217 189
 2.442  18222 191
 2.443  18223 191
 2.444  18228 191
 2.445  18231 191
 2.446  18239 191
 2.447  18243 191
 2.448  18246 190
 2.449  18248 190
 2.450  18254 191
 2.451  18260 192
 2.452  18261 191
 2.453  18268 191
 2.454  18267 192
 2.455  18273 191
 2.456  18276 190
 2.457  18283 192
 2.458  18283 193
 2.459  18287 192
 2.460  18289 192
 2.461  18295 193
 2.462  18295 193
 2.463  18298 191
 2.464  18302 190
 2.465  18308 192
 2.466  18311 192
 2.467  18311 192
 2.468  18315 191
 2.469  18318 191
 2.470  18321 192
 2.471  18320 192
 2.472  18323 191
 2.473  18328 191
 2.474  18329 191
 2.475  18331 191
 2.476  18334 192
 2.477  18335 193
 2.478  18337 193
 2.479  18342 193
 2.480  18340 193
 2.481  18341 194
 2.482  18343 193
 2.483  18345 192
 2.484  18348 192
 2.485  18346 191
 2.486  18351 191
 2.487  18349 192
 2.488  18349 193
 2.489  18353 193
 2.490  18355 193
 2.491  18353 192
 2.492  18353 192
 2.493  18356 192
 2.494  18354 190
 2.495  18357 190
 2.496  18355 190
 2.497  18358 191
 2.498  18359 192
 2.499  18357 192
 2.500  18357 192
 2.501  18354 191
 2.502  18358 190
 2.503  18358 191
 2.504  18357 192
 2.505  18356 190
 2.506  18354 190
 2.507  18356 191
 2.508  18355 191
 2.509  18350 190
 2.510  18350 190
 2.511  18353 192
 2.512  18349 192
 2.513  18347 191
 2.514  18349 190
 2.515  18348 191
 2.516  18347 190
 2.517  18345 190
 2.518  18341 191
 2.519  18341 192
 2.520  18341 192
 2.521  18338 191
 2.522  18335 192
 2.523  18337 193
 2.524  18332 193
 2.525  18330 192
 2.526  18329 191
 2.527  18328 192
 2.528  18326 193
 2.529  18322 193
 2.530  18317 191
 2.531  18315 191
 2.532  18311 191
 2.533  18312 192
 2.534  18307 194
 2.535  18304 194
 2.536  18301 192
 2.537  18299 191
 2.538  18292 191
 2.539  18290 191
 2.540  18288 191
 2.541  18283 191
 2.542  18279 190
 2.543  18275 190
 2.544  18276 191
 2.545  18268 191
 2.546  18266 191
 2.547  18259 191
 2.548  18256 192
 2.549  18253 193
 2.550  18247 192
 2.551  18243 191
 2.552  18241 192
 2.553  18233 192
 2.554  18229 191
 2.555  18225 192
 2.556  18222 193
 2.557  18214 192
 2.558  18211 191
 2.559  18202 190
 2.560  18198 192
 2.561  18191 192
 2.562  18186 191
 2.563  18182 191
 2.564  18174 191
 2.565  18170 190
 2.566  18164 189
 2.567  18159 190
 2.568  18150 191
 2.569  18146 190
 2.570  18138 189
 2.571  18134 189
 2.572  18125 189
 2.573  18117 190
 2.574  18112 191
 2.575  18107 191
 2.576  18099 190
 2.577  18093 190
 2.578  18084 191
 2.579  18074 190
 2.580  18071 191
 2.581  18065 191
 2.582  18057 191
 2.583  18050 191
 2.584  18042 190
 2.585  18032 190
 2.586  18026 190
 2.587  18017 190
 2.588  18009 190
 2.589  18000 189
 2.590  17990 188
 2.591  17981 189
 2.592  17975 190
 2.593  17964 189
 2.594  17959 189
 2.595  17948 189
 2.596  17941 189
 2.597  17932 189
 2.598  17925 189
 2.599  17915 190
 2.600  17905 189
 2.601  17893 188
 2.602  17886 188
 2.603  17877 189
 2.604  17867 189
 2.605  17858 190
 2.606  17847 190
 2.607  17839 188
 2.608  17827 188
 2.609  17816 188
 2.610  17806 188
 2.611  17801 189
 2.612  17786 188
 2.613  17774 188
 2.614  17765 188
 2.615  17755 188
 2.616  17741 187
 2.617  17735 188
 2.618  17719 189
 2.619  17710 189
 2.620  17698 188
 2.621  17687 189
 2.622  17677 189
 2.623  17664 189
 2.624  17649 188
 2.625  17640 189
 2.626  17626 188
 2.627  17619 187
 2.628  17603 186
 2.629  17592 187
 2.630  17580 189
 2.631  17570 188
 2.632  17555 187
 2.633  17542 187
 2.634  17529 187
 2.635  17515 188
 2.636  17506 189
 2.637  17491 188
 2.638  17477 188
 2.639  17465 187
 2.640  17451 186
 2.641  17440 187
 2.642  17424 189
 2.643  17409 190
 2.644  17399 188
 2.645  17384 187
 2.646  17369 188
 2.647  17356 189
 2.648  17338 189
 2.649  17325 187
 2.650  17311 186
 2.651  17296 185
 2.652  17282 187
 2.653  17269 188
 2.654  17255 188
 2.655  17238 186
 2.656  17220 185
 2.657  17209 185
 2.658  17191 186
 2.659  17178 185
 2.660  17164 186
 2.661  17146 186
 2.662  17131 186
 2.663  17114 185
 2.664  17099 186
 2.665  17081 187
 2.666  17067 187
 2.667  17051 186
 2.668  17037 186
 2.669  17019 185
 2.670  17005 186
 2.671  16981 187
 2.672  16968 187
 2.673  16954 187
 2.674  16935 187
 2.675  16918 186
 2.676  16903 185
 2.677  16885 184
 2.678  16868 185
 2.679  16849 185
 2.680  16830 184
 2.681  16811 184
 2.682  16793 184
 2.683  16778 186
 2.684  16759 186
 2.685  16743 185
 2.686  16726 185
 2.687  16707 185
 2.688  16688 185
 2.689  16668 184
 2.690  16649 184
 2.691  16632 184
 2.692  16612 184
 2.693  16595 185
 2.694  16573 185
 2.695  16555 184
 2.696  16536 183
 2.697  16518 183
 2.698  16499 183
 2.699  16476 183
 2.700  16460 183
 2.701  16439 183
 2.702  16417 182
 2.703  16398 182
 2.704  16377 183
 2.705  16356 183
 2.706  16339 182
 2.707  16315 182
 2.708  16298 183
 2.709  16276 182
 2.710  16255 182
 2.711  16236 184
 2.712  16211 185
 2.713  16191 184
 2.714  16169 182
 2.715  16147 182
 2.716  16128 182
 2.717  16107 181
 2.718  16084 180
 2.719  16064 181
 2.720  16042 182
 2.721  16021 182
 2.722  15998 183
 2.723  15973 182
 2.724  15954 181
 2.725  15928 181
 2.726  15907 180
 2.727  15885 180
 2.728  15864 181
 2.729  15841 182
 2.730  15816 182
 2.731  15794 182
 2.732  15770 180
 2.733  15748 179
 2.734  15721 180
 2.735  15700 180
 2.736  15676 182
 2.737  15652 183
 2.738  15628 182
 2.739  15605 181
 2.740  15580 180
 2.741  15556 179
 2.742  15531 178
 2.743  15506 179
 2.744  15484 179
 2.745  15459 179
 2.746  15433 179
 2.747  15410 179
 2.748  15383 179
 2.749  15362 180
 2.750  15333 180
 2.751  15308 179
 2.752  15284 178
 2.753  15258 178
 2.754  15233 178
 2.755  15208 178
 2.756  15184 179
 2.757  15156 179
 2.758  15125 179
 2.759  15104 178
 2.760  15079 178
 2.761  15048 178
 2.762  15027 179
 2.763  14998 177
 2.764  14970 177
 2.765  14944 178
 2.766  14918 177
 2.767  14893 177
 2.768  14864 178
 2.769  14838 178
 2.770  14810 177
 2.771  14783 177
 2.772  14758 177
 2.773  14728 177
 2.774  14697 176
 2.775  14675 176
 2.776  14649 176
 2.777  14616 178
 2.778  14589 177
 2.779  14558 175
 2.780  14531 175
 2.781  14502 175
 2.782  14478 175
 2.783  14447 176
 2.784  14420 176
 2.785  14391 175
 2.786  14360 175
 2.787  14331 175
 2.788  14302 174
 2.789  14269 175
 2.790  14243 175
 2.791  14213 174
 2.792  14186 175
 2.793  14154 176
 2.794  14124 175
 2.795  14096 174
 2.796  14067 174
 2.797  14036 174
 2.798  14004 174
 2.799  13975 175
 2.800  13944 174
 2.801  13916 174
 2.802  13884 174
 2.803  13850 172
 2.804  13821 172
 2.805  13789 171
 2.806  13759 171
 2.807  13730 171
 2.808  13697 171
 2.809  13666 172
 2.810  13634 172
 2.811  13602 172
 2.812  13568 171
 2.813  13540 170
 2.814  13507 170
 2.815  13475 170
 2.816  13440 170
 2.817  13410 171
 2.818  13380 172
 2.819  13347 172
 2.820  13314 170
 2.821  13281 169
 2.822  13248 169
 2.823  13213 170
 2.824  13185 170
 2.825  13148 170
 2.826  13113 169
 2.827  13082 169
 2.828  13050 169
 2.829  13018 169
 2.830  12984 169
 2.831  12949 170
 2.832  12915 170
 2.833  12881 169
 2.834  12847 169
 2.835  12815 168
 2.836  12782 168
 2.837  12745 168
 2.838  12710 168
 2.839  12677 169
 2.840  12639 168
 2.841  12609 168
 2.842  12577 168
 2.843  12541 167
 2.844  12504 166
 2.845  12468 166
 2.846  12433 167
 2.847  12400 167
 2.848  12362 167
 2.849  12327 169
 2.850  12290 169
 2.851  12258 168
 2.852  12219 167
 2.853  12184 167
 2.854  12152 166
 2.855  12113 164
 2.856  12080 165
 2.857  12040 166
 2.858  12005 165
 2.859  11969 164
 2.860  11934 163
 2.861  11897 163
 2.862  11859 163
 2.863  11823 163
 2.864  11786 164
 2.865  11746 165
 2.866  11712 164
 2.867  11674 163
 2.868  11636 164
 2.869  11598 163
 2.870  11563 162
 2.871  11525 162
 2.872  11486 162
 2.873  11448 162
 2.874  11411 162
 2.875  11373 162
 2.876  11333 162
 2.877  11298 162
 2.878  11256 162
 2.879  11220 163
 2.880  11186 163
 2.881  11143 163
 2.882  11106 163
 2.883  11068 163
 2.884  11027 162
 2.885  10990 161
 2.886  10951 159
 2.887  10913 159
 2.888  10873 160
 2.889  10832 160
 2.890  10796 160
 2.891  10755 160
 2.892  10714 160
 2.893  10678 160
 2.894  10636 160
 2.895  10597 159
 2.896  10557 158
 2.897  10519 159
 2.898  10477 160
 2.899  10439 160
 2.900  10400 160
 2.901  10357 159
 2.902  10316 159
 2.903  10277 159
 2.904  10238 159
 2.905  10195 160
 2.906  10152 159
 2.907  10116 158
 2.908  10071 158
 2.909  10032 158
 2.910   9992 158
 2.911   9948 157
 2.912   9910 157
 2.913   9866 156
 2.914   9827 155
 2.915   9789 156
 2.916   9743 157
 2.917   9705 158
 2.918   9659 159
 2.919   9620 157
 2.920   9577 156
 2.921   9532 155
 2.922   9495 155
 2.923   9451 155
 2.924   9408 155
 2.925   9365 154
 2.926   9326 153
 2.927   9282 154
 2.928   9238 154
 2.929   9196 153
 2.930   9153 154
 2.931   9111 155
 2.932   9071 155
 2.933   9027 154
 2.934   8983 154
 2.935   8939 153
 2.936   8896 152
 2.937   8855 153
 2.938   8813 152
 2.939   8766 151
 2.940   8724 152
 2.941   8681 153
 2.942   8637 152
 2.943   8594 151
 2.944   8551 150
 2.945   8505 150
 2.946   8459 150
 2.947   8418 150
 2.948   8375 151
 2.949   8329 150
 2.950   8285 148
 2.951   8238 149
 2.952   8198 150
 2.953   8155 149
 2.954   8107 149
 2.955   8063 148
 2.956   8022 147
 2.957   7975 148
 2.958   7929 147
 2.959   7887 148
 2.960   7840 149
 2.961   7792 148
 2.962   7750 147
 2.963   7703 147
 2.964   7661 148
 2.965   7614 148
 2.966   7568 147
 2.967   7524 146
 2.968   7480 146
 2.969   7433 146
 2.970   7388 146
 2.971   7345 145
 2.972   7345 144
 2.973   7345 145
 2.974   7346 146
 2.975   7345 146
 2.976   7345 144
 2.977   7346 144
 2.978   7346 144
 2.979   7346 143
 2.980   7345 143
 2.981   7346 144
 2.982   7345 144
 2.983   7346 144
 2.984   7346 142
 2.985   7346 142
 2.986   7345 142
 2.987   7345 142
 2.988   7345 142
 2.989   7346 142
 2.990   7346 141
 2.991   7345 141
 2.992   7346 141
 2.993   7345 141
 2.994   7346 141
 2.995   7346 141
 2.996   7345 143
 2.997   7346 143
 2.998   7346 141
 2.999   7346 140
 3.000   7346 139
 3.001   7345 139
 3.002   7346 140
 3.003   7345 140
 3.004   7345 140
 3.005   7345 141
 3.006   7345 141
 3.007   7345 139
 3.008   7346 138
 3.009   7345 140
 3.010   7345 139
 3.011   7346 138
 3.012   7345 137
 3.013   7345 137
 3.014   7346 137
 3.015   7345 137
 3.016   7346 137
 3.017   7345 138
 3.018   7345 138
 3.019   7346 137
 3.020   7346 137
 3.021   7345 136
 3.022   7346 135
 3.023   7345 135
 3.024   7345 135
 3.025   7346 136
 3.026   7345 135
 3.027   7345 134
 3.028   7346 135
 3.029   7345 136
 3.030   7345 135
 3.031   7346 134
 3.032   7346 134
 3.033   7346 133
 3.034   7345 132
 3.035   7346 133
 3.036   7346 134
 3.037   7346 134
 3.038   7346 132
 3.039   7345 131
 3.040   7345 132
 3.041   7345 131
 3.042   7346 131
 3.043   7345 132
 3.044   7346 132
 3.045   7345 132
 3.046   7345 131
 3.047   7345 130
 3.048   7346 132
 3.049   7345 132
 3.050   7346 131
 3.051   7346 130
 3.052   7346 129
 3.053   7346 130
 3.054   7346 130
 3.055   7345 130
 3.056   7345 129
 3.057   7345 128
 3.058   7346 129
 3.059   7345 129
 3.060   7345 128
 3.061   7346 128
 3.062   7346 127
 3.063   7345 126
 3.064   7345 126
 3.065   7346 125
 3.066   7346 125
 3.067   7345 126
 3.068   7345 127
 3.069   7345 128
 3.070   7346 127
 3.071   7346 126
 3.072   7346 126
 3.073   7345 125
 3.074   7346 125
 3.075   7345 126
 3.076   7345 126
 3.077   7345 124
 3.078   7345 124
 3.079   7346 123
 3.080   7346 123
 3.081   7345 123
 3.082   7346 123
 3.083   7345 123
 3.084   7346 123
 3.085   7346 123
 3.086   7345 122
 3.087   7345 122
 3.088   7346 123
 3.089   7345 123
 3.090   7345 122
 3.091   7345 122
 3.092   7345 123
 3.093   7345 122
 3.094   7346 122
 3.095   7346 122
 3.096   7345 121
 3.097   7345 121
 3.098   7345 121
 3.099   7345 121
 3.100   7345 121
 3.101   7345 121
 3.102   7345 120
 3.103   7345 118
 3.104   7345 118
 3.105   7346 118
 3.106   7345 118
 3.107   7346 118
 3.108   7345 119
 3.109   7346 119
 3.110   7345 119
 3.111   7346 119
 3.112   7345 118
 3.113   7346 117
 3.114   7345 117
 3.115   7345 116
 3.116   7346 114
 3.117   7345 114
 3.118   7345 115
 3.119   7345 115
 3.120   7346 115
 3.121   7346 115
 3.122   7346 115
 3.123   7345 114
 3.124   7346 114
 3.125   7345 114
 3.126   7345 114
 3.127   7346 113
 3.128   7346 113
 3.129   7346 113
 3.130   7345 114
 3.131   7346 113
 3.132   7345 112
 3.133   7345 113
 3.134   7345 113
 3.135   7345 113
 3.136   7345 112
 3.137   7346 111
 3.138   7346 111
 3.139   7345 111
 3.140   7346 111
 3.141   7346 111
 3.142   7346 111
 3.143   7345 111
 3.144   7345 110
 3.145   7345 109
 3.146   7346 110
 3.147   7345 110
 3.148   7345 109
 3.149   7346 109
 3.150   7346 109
 3.151   7346 108
 3.152   7345 109
 3.153   7345 109
 3.154   7345 109
 3.155   7346 108
 3.156   7346 107
 3.157   7345 107
 3.158   7346 108
 3.159   7346 107
 3.160   7346 106
 3.161   7345 107
 3.162   7345 107
 3.163   7346 106
 3.164   7346 106
 3.165   7346 106
 3.166   7345 105
 3.167   7345 106
 3.168   7346 105
 3.169   7346 104
 3.170   7346 104
 3.171   7345 104
 3.172   7345 103
 3.173   7346 104
 3.174   7346 105
 3.175   7346 105
 3.176   7346 105
 3.177   7346 104
 3.178   7346 103
 3.179   7345 102
 3.180   7345 102
 3.181   7345 102
 3.182   7346 102
 3.183   7346 101
 3.184   7346 100
 3.185   7345 100
 3.186   7345 101
 3.187   7346 101
 3.188   7346 101
 3.189   7345 102
 3.190   7345 101
 3.191   7346 101
 3.192   7346 101
 3.193   7346 101
 3.194   7346 100
 3.195   7346  99
 3.196   7346 100
 3.197   7346 100
 3.198   7346  98
 3.199   7346  98
 3.200   7345  98
 3.201   7345  98
 3.202   7346  98
 3.203   7346  98
 3.204   7345  96
 3.205   7345  95
 3.206   7345  96
 3.207   7346  96
 3.208   7345  96
 3.209   7346  95
 3.210   7346  95
 3.211   7345  96
 3.212   7345  95
 3.213   7346  95
 3.214   7345  96
 3.215   7346  96
 3.216   7345  95
 3.217   7346  95
 3.218   7346  95
 3.219   7346  95
 3.220   7346  94
 3.221   7345  94
 3.222   7345  94
 3.223   7345  94
 3.224   7345  94
 3.225   7346  94
 3.226   7346  94
 3.227   7346  94
 3.228   7345  94
 3.229   7346  93
 3.230   7346  92
 3.231   7346  92
 3.232   7345  93
 3.233   7345  94
 3.234   7346  94
 3.235   7345  92
 3.236   7345  92
 3.237   7345  92
 3.238   7345  92
 3.239   7345  91
 3.240   7346  90
 3.241   7345  91
 3.242   7346  92
 3.243   7345  92
 3.244   7346  91
 3.245   7346  92
 3.246   7345  91
 3.247   7345  90
 3.248   7346  90
 3.249   7346  90
 3.250   7346  89
 3.251   7346  88
 3.252   7346  89
 3.253   7345  89
 3.254   7346  89
 3.255   7345  90
 3.256   7345  89
 3.257   7346  89
 3.258   7345  90
 3.259   7346  88
 3.260   7345  87
 3.261   7346  87
 3.262   7345  86
 3.263   7346  86
 3.264   7345  87
 3.265   7345  86
 3.266   7345  85
 3.267   7346  86
 3.268   7345  87
 3.269   7346  86
 3.270   7345  86
 3.271   7345  87
 3.272   7346  86
 3.273   7346  85
 3.274   7346  85
 3.275   7346  83
 3.276   7345  84
 3.277   7346  85
 3.278   7345  84
 3.279   7346  82
 3.280   7345  83
 3.281   7346  85
 3.282   7345  85
 3.283   7346  83
 3.284   7345  84
 3.285   7346  84
 3.286   7345  83
 3.287   7346  82
 3.288   7346  83
 3.289   7346  82
 3.290   7345  81
 3.291   7346  81
 3.292   7346  83
 3.293   7346  82
 3.294   7346  81
 3.295   7346  80
 3.296   7345  81
 3.297   7346  81
 3.298   7345  81
 3.299   7345  80
 3.300   7345  80
 3.301   7345  81
 3.302   7346  81
 3.303   7345  80
 3.304   7346  79
 3.305   7346  79
 3.306   7346  79
 3.307   7346  79
 3.308   7346  80
 3.309   7346  80
 3.310   7345  78
 3.311   7346  79
 3.312   7345  79
 3.313   7346  79
 3.314   7345  78
 3.315   7345  78
 3.316   7345  77
 3.317   7346  77
 3.318   7346  78
 3.319   7346  76
 3.320   7346  76
 3.321   7346  77
 3.322   7346  77
 3.323   7346  77
 3.324   7346  77
 3.325   7346  77
 3.326   7346  77
 3.327   7346  78
 3.328   7345  77
 3.329   7346  77
 3.330   7345  77
 3.331   7345  76
 3.332   7346  75
 3.333   7345  74
 3.334   7346  75
 3.335   7346  76
 3.336   7345  77
 3.337   7346  76
 3.338   7345  75
 3.339   7345  74
 3.340   7346  75
 3.341   7346  76
 3.342   7345  76
 3.343   7345  75
 3.344   7346  75
 3.345   7346  75
 3.346   7346  75
 3.347   7345  75
 3.348   7346  75
 3.349   7346  74
 3.350   7346  73
 3.351   7345  71
 3.352   7346  72
 3.353   7346  73
 3.354   7346  71
 3.355   7346  71
 3.356   7346  72
 3.357   7345  72
 3.358   7345  72
 3.359   7345  72
 3.360   7345  72
 3.361   7345  72
 3.362   7346  71
 3.363   7345  72
 3.364   7346  72
 3.365   7345  72
 3.366   7345  72
 3.367   7345  71
 3.368   7345  71
 3.369   7345  72
 3.370   7346  72
 3.371   7346  70
 3.372   7346  70
 3.373   7345  70
 3.374   7345  71
 3.375   7346  71
 3.376   7346  70
 3.377   7346  71
 3.378   7345  70
 3.379   7346  69
 3.380   7345  70
 3.381   7346  70
 3.382   7345  69
 3.383   7346  69
 3.384   7346  70
 3.385   7346  70
 3.386   7345  70
 3.387   7345  70
 3.388   7345  69
 3.389   7346  69
 3.390   7345  70
 3.391   7346  69
 3.392   7345  69
 3.393   7346  68
 3.394   7346  68
 3.395   7346  69
 3.396   7346  69
 3.397   7346  69
 3.398   7345  69
 3.399   7345  68
 3.400   7346  67
 3.401   7345  67
 3.402   7346  67
 3.403   7345  68
 3.404   7346  67
 3.405   7346  66
 3.406   7346  66
 3.407   7345  66
 3.408   7345  65
 3.409   7345  66
 3.410   7345  67
 3.411   7345  67
 3.412   7346  68
 3.413   7345  68
 3.414   7346  67
 3.415   7345  67
 3.416   7345  68
 3.417   7345  69
 3.418   7346  68
 3.419   7345  67
 3.420   7346  66
 3.421   7346  66
 3.422   7345  66
 3.423   7346  68
 3.424   7346  68
 3.425   7346  67
 3.426   7346  66
 3.427   7345  67
 3.428   7345  66
 3.429   7346  66
 3.430   7346  66
 3.431   7346  66
 3.432   7345  65
 3.433   7345  65
 3.434   7346  64
 3.435   7345  65
 3.436   7346  65
 3.437   7346  64
 3.438   7345  64
 3.439   7346  65
 3.440   7346  65
 3.441   7345  65
 3.442   7345  65
 3.443   7345  65
 3.444   7346  65
 3.445   7345  64
 3.446   7345  64
 3.447   7346  64
 3.448   7345  64
 3.449   7345  64
 3.450   7345  64
 3.451   7346  64
 3.452   7345  65
 3.453   7345  65
 3.454   7346  63
 3.455   7345  63
 3.456   7346  64
 3.457   7345  64
 3.458   7346  64
 3.459   7346  63
 3.460   7346  63
 3.461   7346  63
 3.462   7345  64
 3.463   7345  65
 3.464   7345  64
 3.465   7345  64
 3.466   7346  64
 3.467   7345  65
 3.468   7346  64
 3.469   7345  65
 3.470   7346  66
 3.471   7345  66
 3.472   7346  64
 3.473   7345  65
 3.474   7346  65
 3.475   7346  64
 3.476   7345  65
 3.477   7346  65
 3.478   7345  64
 3.479   7345  63
 3.480   7346  64
 3.481   7345  64
 3.482   7345  63
 3.483   7345  64
 3.484   7345  64
 3.485   7346  63
 3.486   7346  64
 3.487   7345  64
 3.488   7346  64
 3.489   7346  65
 3.490   7346  66
 3.491   7346  66
 3.492   7346  65
 3.493   7346  63
 3.494   7346  63
 3.495   7346  64
 3.496   7346  64
 3.497   7346  64
 3.498   7345  64
 3.499   7345  64
 3.500   7345  64
 3.501   7345  64
 3.502   7345  63
 3.503   7346  63
 3.504   7345  63
 3.505   7345  64
 3.506   7345  64
 3.507   7345  64
 3.508   7346  65
 3.509   7346  64
 3.510   7346  63
 3.511   7345  65
 3.512   7346  66
 3.513   7345  64
 3.514   7346  64
 3.515   7345  63
 3.516   7346  63
 3.517   7345  64
 3.518   7346  65
 3.519   7345  64
 3.520   7346  64
 3.521   7346  65
 3.522   7345  65
 3.523   7345  64
 3.524   7345  64
 3.525   7345  65
 3.526   7345  66
 3.527   7345  64
 3.528   7345  63
 3.529   7346  63
 3.530   7346  64
 3.531   7345  66
 3.532   7345  66
 3.533   7345  64
 3.534   7346  64
 3.535   7346  65
 3.536   7345  64
 3.537   7346  63
 3.538   7346  64
 3.539   7346  65
 3.540   7345  65
 3.541   7346  65
 3.542   7345  64
 3.543   7345  64
 3.544   7345  64
 3.545   7346  65
 3.546   7345  66
 3.547   7345  66
 3.548   7345  66
 3.549   7346  66
 3.550   7345  65
 3.551   7345  64
 3.552   7346  65
 3.553   7346  65
 3.554   7346  65
 3.555   7345  65
 3.556   7346  64
 3.557   7345  64
 3.558   7345  65
 3.559   7346  65
 3.560   7346  65
 3.561   7345  65
 3.562   7345  65
 3.563   7345  65
 3.564   7345  66
 3.565   7345  66
 3.566   7346  65
 3.567   7345  65
 3.568   7345  65
 3.569   7345  66
 3.570   7346  67
 3.571   7345  66
 3.572   7345  64
 3.573   7345  64
 3.574   7345  65
 3.575   7345  67
 3.576   7346  67
 3.577   7346  66
 3.578   7345  66
 3.579   7345  67
 3.580   7345  67
 3.581   7346  66
 3.582   7345  67
 3.583   7346  67
 3.584   7346  68
 3.585   7346  68
 3.586   7346  68
 3.587   7346  68
 3.588   7346  69
 3.589   7345  69
 3.590   7346  67
 3.591   7346  67
 3.592   7345  68
 3.593   7346  68
 3.594   7345  67
 3.595   7346  67
 3.596   7345  67
 3.597   7346  67
 3.598   7345  68
 3.599   7345  70
 3.600   7346  70
 3.601   7346  69
 3.602   7346  69
 3.603   7345  70
 3.604   7346  71
 3.605   7345  70
 3.606   7346  69
 3.607   7345  69
 3.608   7345  69
 3.609   7346  70
 3.610   7345  70
 3.611   7346  68
 3.612   7345  68
 3.613   7346  70
 3.614   7346  70
 3.615   7346  70
 3.616   7345  70
 3.617   7345  70
 3.618   7346  70
 3.619   7346  69
 3.620   7345  69
 3.621   7346  70
 3.622   7345  70
 3.623   7346  71
 3.624   7346  72
 3.625   7346  72
 3.626   7345  71
 3.627   7346  71
 3.628   7346  72
 3.629   7345  72
 3.630   7345  72
 3.631   7346  73
 3.632   7346  73
 3.633   7345  73
 3.634   7345  73
 3.635   7346  74
 3.636   7345  74
 3.637   7346  73
 3.638   7345  72
 3.639   7346  74
 3.640   7345  74
 3.641   7346  74
 3.642   7345  75
 3.643   7345  76
 3.644   7346  76
 3.645   7345  76
 3.646   7346  76
 3.647   7346  75
 3.648   7346  75
 3.649   7346  76
 3.650   7345  76
 3.651   7345  75
 3.652   7345  75
 3.653   7345  75
 3.654   7346  76
 3.655   7345  76
 3.656   7345  76
 3.657   7345  77
 3.658   7346  76
 3.659   7346  75
 3.660   7345  76
 3.661   7346  77
 3.662   7346  77
 3.663   7345  77
 3.664   7345  78
 3.665   7345  77
 3.666   7346  76
 3.667   7346  76
 3.668   7345  77
 3.669   7346  78
 3.670   7345  79
 3.671   7345  79
 3.672   7345  79
 3.673   7346  80
 3.674   7346  80
 3.675   7345  78
 3.676   7345  78
 3.677   7346  79
 3.678   7346  79
 3.679   7346  79
 3.680   7345  80
 3.681   7345  80
 3.682   7345  78
 3.683   7345  78
 3.684   7345  81
 3.685   7345  82
 3.686   7345  81
 3.687   7345  81
 3.688   7346  81
 3.689   7345  80
 3.690   7346  81
 3.691   7345  82
 3.692   7346  82
 3.693   7345  81
 3.694   7345  81
 3.695   7345  82
 3.696   7345  82
 3.697   7345  83
 3.698   7346  84
 3.699   7346  83
 3.700   7346  83
 3.701   7345  83
 3.702   7345  84
 3.703   7346  83
 3.704   7346  84
 3.705   7346  85
 3.706   7345  87
 3.707   7345  87
 3.708   7346  87
 3.709   7345  86
 3.710   7345  85
 3.711   7346  85
 3.712   7346  86
 3.713   7345  87
 3.714   7346  87
 3.715   7346  88
 3.716   7345  88
 3.717   7345  88
 3.718   7345  87
 3.719   7346  88
 3.720   7346  88
 3.721   7346  89
 3.722   7346  91
 3.723   7345  90
 3.724   7345  88
 3.725   7346  88
 3.726   7346  89
 3.727   7346  88
 3.728   7346  88
 3.729   7345  89
 3.730   7345  90
 3.731   7346  90
 3.732   7346  90
 3.733   7346  90
 3.734   7346  91
 3.735   7346  91
 3.736   7345  91
 3.737   7346  92
 3.738   7345  92
 3.739   7345  93
 3.740   7345  93
 3.741   7346  93
 3.742   7345  92
 3.743   7346  92
 3.744   7346  92
 3.745   7345  93
 3.746   7346  93
 3.747   7346  94
 3.748   7346  94
 3.749   7346  95
 3.750   7345  95
 3.751   7345  95
 3.752   7346  95
 3.753   7345  95
 3.754   7346  95
 3.755   7346  96
 3.756   7346  96
 3.757   7345  96
 3.758   7346  97
 3.759   7345  96
 3.760   7345  97
 3.761   7345  97
 3.762   7345  96
 3.763   7346  96
 3.764   7346  96
 3.765   7346  99
 3.766   7345 100
 3.767   7345  99
 3.768   7345 100
 3.769   7346 101
 3.770   7345 100
 3.771   7345  99
 3.772   7346 100
 3.773   7346 100
 3.774   7345 100
 3.775   7345 100
 3.776   7346  99
 3.777   7346 100
 3.778   7346 102
 3.779   7346 102
 3.780   7345 102
 3.781   7345 102
 3.782   7345 102
 3.783   7345 102
 3.784   7345 102
 3.785   7346 103
 3.786   7345 104
 3.787   7346 105
 3.788   7346 104
 3.789   7345 103
 3.790   7345 105
 3.791   7345 106
 3.792   7346 105
 3.793   7346 105
 3.794   7345 105
 3.795   7346 105
 3.796   7346 106
 3.797   7345 108
 3.798   7345 108
 3.799   7346 107
 3.800   7346 108
 3.801   7346 108
 3.802   7346 108
 3.803   7345 107
 3.804   7345 107
 3.805   7345 109
 3.806   7346 110
 3.807   7345 110
 3.808   7346 111
 3.809   7345 110
 3.810   7345 110
 3.811   7346 111
 3.812   7346 112
 3.813   7345 112
 3.814   7345 112
 3.815   7346 113
 3.816   7345 113
 3.817   7346 112
 3.818   7345 111
 3.819   7345 111
 3.820   7345 113
 3.821   7345 114
 3.822   7346 114
 3.823   7345 114
 3.824   7345 114
 3.825   7346 114
 3.826   7346 115
 3.827   7345 116
 3.828   7346 115
 3.829   7346 116
 3.830   7346 117
 3.831   7346 116
 3.832   7346 117
 3.833   7346 116
 3.834   7345 116
 3.835   7345 117
 3.836   7346 118
 3.837   7345 118
 3.838   7346 117
 3.839   7346 117
 3.840   7345 119
 3.841   7346 119
 3.842   7345 118
 3.843   7346 119
 3.844   7345 120
 3.845   7345 121
 3.846   7346 122
 3.847   7345 122
 3.848   7346 122
 3.849   7345 122
 3.850   7345 121
 3.851   7346 120
 3.852   7346 121
 3.853   7345 122
 3.854   7346 121
 3.855   7345 121
 3.856   7345 122
 3.857   7345 124
 3.858   7345 124
 3.859   7345 123
 3.860   7346 124
 3.861   7345 124
 3.862   7346 124
 3.863   7345 124
 3.864   7346 126
 3.865   7345 127
 3.866   7346 128
 3.867   7345 127
 3.868   7345 127
 3.869   7345 128
 3.870   7345 128
 3.871   7345 127
 3.872   7346 127
 3.873   7346 128
 3.874   7345 128
 3.875   7346 128
 3.876   7345 128
 3.877   7346 129
 3.878   7345 130
 3.879   7346 130
 3.880   7345 130
 3.881   7345 130
 3.882   7346 131
 3.883   7346 132
 3.884   7346 132
 3.885   7346 132
 3.886   7345 131
 3.887   7346 131
 3.888   7346 132
 3.889   7345 133
 3.890   7346 134
 3.891   7345 133
 3.892   7346 132
 3.893   7345 132
 3.894   7346 133
 3.895   7346 134
 3.896   7346 136
 3.897   7346 138
 3.898   7345 137
 3.899   7346 136
 3.900   7346 136
 3.901   7346 137
 3.902   7346 138
 3.903   7345 138
 3.904   7345 136
 3.905   7346 136
 3.906   7346 136
 3.907   7346 137
 3.908   7345 138
 3.909   7345 138
 3.910   7346 138
 3.911   7345 139
 3.912   7345 140
 3.913   7346 140
 3.914   7346 140
 3.915   7346 140
 3.916   7346 139
 3.917   7345 140
 3.918   7345 142
 3.919   7346 143
 3.920   7345 142
 3.921   7345 142
 3.922   7346 142
 3.923   7345 143
 3.924   7345 143
 3.925   7346 143
 3.926   7345 143
 3.927   7345 145
 3.928   7345 145
 3.929   7346 144
 3.930   7346 145
 3.931   7346 146
 3.932   7346 147
 3.933   7346 147
 3.934   7345 147
 3.935   7345 146
 3.936   7346 146
 3.937   7346 147
 3.938   7345 148
 3.939   7345 148
 3.940   7346 148
 3.941   7346 149
 3.942   7345 149
 3.943   7346 149
 3.944   7346 148
 3.945   7345 149
 3.946   7346 149
 3.947   7346 149
 3.948   7346 150
 3.949   7345 150
 3.950   7346 150
 3.951   7345 149
 3.952   7345 150
 3.953   7346 150
 3.954   7346 151
 3.955   7346 152
 3.956   7346 152
 3.957   7346 152
 3.958   7345 154
 3.959   7345 155
 3.960   7345 154
 3.961   7346 153
 3.962   7346 154
 3.963   7345 154
 3.964   7345 153
 3.965   7345 153
 3.966   7346 154
 3.967   7346 154
 3.968   7346 154
 3.969   7346 154
 3.970   7346 153
 3.971   7345 154
 3.972   7345 154
 3.973   7345 156
 3.974   7346 158
 3.975   7345 157
 3.976   7345 156
 3.977   7345 157
 3.978   7345 157
 3.979   7346 157
 3.980   7346 158
 3.981   7346 158
 3.982   7345 157
 3.983   7345 158
 3.984   7346 159
 3.985   7346 160
 3.986   7346 160
 3.987   7346 158
 3.988   7346 159
 3.989   7345 161
 3.990   7346 162
 3.991   7345 161
 3.992   7345 161
 3.993   7345 160
 3.994   7345 160
 3.995   7346 162
 3.996   7345 163
 3.997   7345 162
 3.998   7345 162
 3.999   7346 162
 4.000   7345 162
 4.001   7345 163
 4.002   7345 163
 4.003   7345 164
 4.004   7346 164
 4.005   7346 164
 4.006   7345 165
 4.007   7346 165
 4.008   7346 166
 4.009   7346 166
 4.010   7346 165
 4.011   7345 166
 4.012   7346 166
 4.013   7345 166
 4.014   7346 167
 4.015   7346 167
 4.016   7346 167
 4.017   7346 168
 4.018   7346 168
 4.019   7346 168
 4.020   7346 167
 4.021   7345 168
 4.022   7345 169
 4.023   7346 169
 4.024   7345 168
 4.025   7345 168
 4.026   7345 168
 4.027   7346 170
 4.028   7345 171
 4.029   7345 170
 4.030   7346 171
 4.031   7345 171
 4.032   7346 171
 4.033   7346 172
 4.034   7346 171
 4.035   7345 172
 4.036   7345 172
 4.037   7345 172
 4.038   7345 173
 4.039   7346 174
 4.040   7346 173
 4.041   7345 173
 4.042   7346 173
 4.043   7346 173
 4.044   7346 172
 4.045   7346 173
 4.046   7345 174
 4.047   7345 174
 4.048   7346 173
 4.049   7345 175
 4.050   7346 176
 4.051   7346 175
 4.052   7345 175
 4.053   7345 175
 4.054   7346 174
 4.055   7346 174
 4.056   7346 176
 4.057   7346 176
 4.058   7345 176
 4.059   7345 176
 4.060   7345 176
 4.061   7346 176
 4.062   7346 177
 4.063   7346 178
 4.064   7346 177
 4.065   7345 177
 4.066   7346 177
 4.067   7346 177
 4.068   7346 176
 4.069   7345 176
 4.070   7346 177
 4.071   7345 178
 4.072   7346 179
 4.073   7346 179
 4.074   7345 178
 4.075   7345 177
 4.076   7345 178
 4.077   7345 180
 4.078   7345 180
 4.079   7346 180
 4.080   7346 180
 4.081   7345 181
 4.082   7345 180
 4.083   7346 181
 4.084   7346 182
 4.085   7346 181
 4.086   7345 180
 4.087   7346 181
 4.088   7345 183
 4.089   7345 184
 4.090   7346 182
 4.091   7345 182
 4.092   7346 182
 4.093   7346 183
 4.094   7345 183
 4.095   7346 182
 4.096   7346 183
 4.097   7345 183
 4.098   7345 183
 4.099   7346 184
 4.100   7346 186
 4.101   7345 187
 4.102   7345 187
 4.103   7345 186
 4.104   7345 185
 4.105   7345 185
 4.106   7346 185
 4.107   7346 185
 4.108   7345 184
 4.109   7346 185
 4.110   7345 185
 4.111   7345 184
 4.112   7345 184
 4.113   7345 185
 4.114   7346 186
 4.115   7345 186
 4.116   7345 186
 4.117   7345 186
 4.118   7345 185
 4.119   7345 184
 4.120   7346 184
 4.121   7345 186
 4.122   7346 187
 4.123   7346 187
 4.124   7345 187
 4.125   7346 188
 4.126   7345 188
 4.127   7345 188
 4.128   7345 187
 4.129   7345 186
 4.130   7345 186
 4.131   7345 187
 4.132   7345 187
 4.133   7345 187
 4.134   7345 187
 4.135   7346 189
 4.136   7346 190
 4.137   7345 189
 4.138   7345 188
 4.139   7346 190
 4.140   7346 190
 4.141   7346 189
 4.142   7345 188
 4.143   7345 188
 4.144   7345 188
 4.145   7346 189
 4.146   7346 190
 4.147   7346 191
 4.148   7345 191
 4.149   7345 188
 4.150   7345 188
 4.151   7346 188
 4.152   7345 190
 4.153   7346 191
 4.154   7345 190
 4.155   7345 190
 4.156   7346 190
 4.157   7346 190
 4.158   7346 192
 4.159   7346 191
 4.160   7346 190
 4.161   7345 191
 4.162   7346 192
 4.163   7345 191
 4.164   7346 190
 4.165   7346 190
 4.166   7345 190
 4.167   7345 190
 4.168   7346 190
 4.169   7346 191
 4.170   7346 190
 4.171   7346 191
 4.172   7345 191
 4.173   7345 191
 4.174   7346 191
 4.175   7346 192
 4.176   7345 192
 4.177   7345 192
 4.178   7345 191
 4.179   7345 190
 4.180   7345 190
 4.181   7345 190
 4.182   7346 190
 4.183   7346 190
 4.184   7345 190
 4.185   7346 191
 4.186   7345 191
 4.187   7345 191
 4.188   7346 191
 4.189   7346 192
 4.190   7346 192
 4.191   7346 193
 4.192   7346 193
 4.193   7345 192
 4.194   7346 191
 4.195   7345 192
 4.196   7346 192
 4.197   7345 192
 4.198   7345 192
 4.199   7345 193
 4.200   7345 193
 4.201   7345 193
 4.202   7345 192
 4.203   7346 192
 4.204   7346 192
 4.205   7345 191
 4.206   7346 192
 4.207   7346 192
 4.208   7346 192
 4.209   7345 191
 4.210   7346 191
 4.211   7345 192
 4.212   7346 192
 4.213   7346 191
 4.214   7345 190
 4.215   7346 190
 4.216   7346 190
 4.217   7346 191
 4.218   7346 192
 4.219   7346 192
 4.220   7346 191
 4.221   7346 191
 4.222   7346 190
 4.223   7346 191
 4.224   7345 192
 4.225   7346 192
 4.226   7345 190
 4.227   7346 189
 4.228   7346 190
 4.229   7345 191
 4.230   7345 191
 4.231   7345 190
 4.232   7345 190
 4.233   7345 190
 4.234   7346 191
 4.235   7346 192
 4.236   7345 192
 4.237   7345 191
 4.238   7345 191
 4.239   7346 191
 4.240   7345 190
 4.241   7345 189
 4.242   7345 190
 4.243   7345 191
 4.244   7346 191
 4.245   7345 191
 4.246   7346 191
 4.247   7345 191
 4.248   7345 191
 4.249   7345 192
 4.250   7346 190
 4.251   7346 188
 4.252   7346 187
 4.253   7345 188
 4.254   7346 189
 4.255   7346 189
 4.256   7345 189
 4.257   7345 190
 4.258   7345 190
 4.259   7345 188
 4.260   7345 187
 4.261   7346 190
 4.262   7345 191
 4.263   7346 189
 4.264   7345 188
 4.265   7345 188
 4.266   7345 188
 4.267   7345 188
 4.268   7345 189
 4.269   7346 189
 4.270   7346 188
 4.271   7345 188
 4.272   7346 187
 4.273   7346 186
 4.274   7345 185
 4.275   7345 186
 4.276   7345 187
 4.277   7345 187
 4.278   7345 188
 4.279   7345 188
 4.280   7346 186
 4.281   7345 186
 4.282   7345 187
 4.283   7345 186
 4.284   7345 185
 4.285   7346 185
 4.286   7346 185
 4.287   7345 185
 4.288   7345 184
 4.289   7345 184
 4.290   7346 183
 4.291   7346 184
 4.292   7346 185
 4.293   7346 185
 4.294   7345 184
 4.295   7345 183
 4.296   7345 182
 4.297   7346 184
 4.298   7345 184
 4.299   7345 184
 4.300   7345 184
 4.301   7345 183
 4.302   7346 183
 4.303   7346 183
 4.304   7345 183
 4.305   7345 182
 4.306   7346 182
 4.307   7346 182
 4.308   7346 183
 4.309   7345 183
 4.310   7345 183
 4.311   7346 183
 4.312   7346 183
 4.313   7346 181
 4.314   7345 181
 4.315   7346 181
 4.316   7345 182
 4.317   7346 182
 4.318   7345 182
 4.319   7345 181
 4.320   7346 180
 4.321   7345 179
 4.322   7345 179
 4.323   7346 180
 4.324   7346 180
 4.325   7345 179
 4.326   7346 179
 4.327   7345 178
 4.328   7346 178
 4.329   7345 178
 4.330   7346 178
 4.331   7346 178
 4.332   7346 178
 4.333   7345 179
 4.334   7345 178
 4.335   7345 177
 4.336   7345 176
 4.337   7345 177
 4.338   7345 179
 4.339   7345 179
 4.340   7345 177
 4.341   7345 176
 4.342   7345 176
 4.343   7345 176
 4.344   7345 176
 4.345   7345 175
 4.346   7345 174
 4.347   7346 175
 4.348   7345 175
 4.349   7345 174
 4.350   7345 173
 4.351   7346 173
 4.352   7346 173
 4.353   7346 172
 4.354   7345 172
 4.355   7345 173
 4.356   7346 172
 4.357   7346 172
 4.358   7346 171
 4.359   7346 170
 4.360   7345 171
 4.361   7346 172
 4.362   7346 170
 4.363   7346 170
 4.364   7345 171
 4.365   7346 172
 4.366   7346 170
 4.367   7345 169
 4.368   7346 168
 4.369   7346 169
 4.370   7346 170
 4.371   7345 170
 4.372   7345 169
 4.373   7346 168
 4.374   7346 167
 4.375   7345 166
 4.376   7346 166
 4.377   7345 166
 4.378   7346 165
 4.379   7345 165
 4.380   7346 165
 4.381   7346 167
 4.382   7346 167
 4.383   7346 167
 4.384   7346 166
 4.385   7345 164
 4.386   7346 164
 4.387   7346 164
 4.388   7345 164
 4.389   7345 163
 4.390   7345 163
 4.391   7346 163
 4.392   7346 163
 4.393   7346 163
 4.394   7345 163
 4.395   7345 162
 4.396   7346 161
 4.397   7345 161
 4.398   7346 161
 4.399   7345 161
 4.400   7345 161
 4.401   7346 161
 4.402   7346 160
 4.403   7346 159
 4.404   7346 158
 4.405   7345 159
 4.406   7346 159
 4.407   7345 158
 4.408   7346 158
 4.409   7346 158
 4.410   7346 158
 4.411   7345 158
 4.412   7345 159
 4.413   7346 158
 4.414   7346 156
 4.415   7345 154
 4.416   7345 154
 4.417   7345 155
 4.418   7346 155
 4.419   7346 155
 4.420   7345 154
 4.421   7346 155
 4.422   7346 154
 4.423   7345 153
 4.424   7345 153
 4.425   7346 154
 4.426   7345 153
 4.427   7345 152
 4.428   7345 153
 4.429   7346 153
 4.430   7345 153
 4.431   7346 153
 4.432   7346 152
 4.433   7346 152
 4.434   7345 152
 4.435   7345 150
 4.436   7345 148
 4.437   7346 149
 4.438   7345 151
 4.439   7345 150
 4.440   7346 148
 4.441   7346 147
 4.442   7345 148
 4.443   7345 148
 4.444   7345 148
 4.445   7345 148
 4.446   7345 149
 4.447   7345 148
 4.448   7346 147
 4.449   7346 146
 4.450   7345 144
 4.451   7345 143
 4.452   7346 143
 4.453   7346 143
 4.454   7346 143
 4.455   7345 144
 4.456   7346 144
 4.457   7345 142
 4.458   7345 141
 4.459   7346 141
 4.460   7346 141
 4.461   7346 141
 4.462   7345 140
 4.463   7346 139
 4.464   7345 139
 4.465   7345 140
 4.466   7345 140
 4.467   7345 140
 4.468   7345 139
 4.469   7346 139
 4.470   7345 139
 4.471   7346 139
 4.472   7345 138
 4.473   7345 137
 4.474   7346 137
 4.475   7346 136
 4.476   7345 136
 4.477   7346 136
 4.478   7345 136
 4.479   7345 136
 4.480   7346 135
 4.481   7345 134
 4.482   7345 133
 4.483   7346 132
 4.484   7346 132
 4.485   7346 134
 4.486   7346 134
 4.487   7346 132
 4.488   7346 131
 4.489   7346 131
 4.490   7346 131
 4.491   7346 132
 4.492   7345 132
 4.493   7346 131
 4.494   7346 130
 4.495   7345 129
 4.496   7345 128
 4.497   7345 128
 4.498   7345 129
 4.499   7346 129
 4.500   7345 129
 4.501   7346 127
 4.502   7345 126
 4.503   7345 126
 4.504   7345 126
 4.505   7346 125
 4.506   7346 124
 4.507   7345 124
 4.508   7346 125
 4.509   7345 125
 4.510   7345 124
 4.511   7346 124
 4.512   7345 122
 4.513   7346 122
 4.514   7345 124
 4.515   7345 123
 4.516   7345 122
 4.517   7345 121
 4.518   7345 122
 4.519   7345 122
 4.520   7345 120
 4.521   7346 119
 4.522   7346 120
 4.523   7346 119
 4.524   7346 119
 4.525   7345 120
 4.526   7346 121
 4.527   7346 119
 4.528   7345 117
 4.529   7346 117
 4.530   7346 118
 4.531   7346 118
 4.532   7346 118
 4.533   7346 118
 4.534   7345 117
 4.535   7346 116
 4.536   7345 114
 4.537   7346 113
 4.538   7345 113
 4.539   7346 113
 4.540   7346 113
 4.541   7346 112
 4.542   7346 112
 4.543   7345 111
 4.544   7345 110
 4.545   7345 109
 4.546   7345 110
 4.547   7346 112
 4.548   7346 112
 4.549   7345 111
 4.550   7346 110
 4.551   7346 109
 4.552   7346 109
 4.553   7346 109
 4.554   7345 110
 4.555   7345 110
 4.556   7346 108
 4.557   7346 107
 4.558   7345 107
 4.559   7346 107
 4.560   7346 108
 4.561   7346 106
 4.562   7345 104
 4.563   7345 104
 4.564   7345 104
 4.565   7346 106
 4.566   7345 107
 4.567   7345 105
 4.568   7345 104
 4.569   7345 105
 4.570   7345 104
 4.571   7345 102
 4.572   7345 102
 4.573   7346 102
 4.574   7346 101
 4.575   7346 101
 4.576   7346 100
 4.577   7346 101
 4.578   7345 100
 4.579   7345 100
 4.580   7345 100
 4.581   7346 100
 4.582   7345  99
 4.583   7345  99
 4.584   7346  99
 4.585   7346  98
 4.586   7346  96
 4.587   7345  95
 4.588   7345  94
 4.589   7346  95
 4.590   7345  96
 4.591   7346  97
 4.592   7345  97
 4.593   7345  97
 4.594   7346  96
 4.595   7345  94
 4.596   7346  94
 4.597   7346  93
 4.598   7345  93
 4.599   7346  94
 4.600   7346  93
 4.601   7346  92
 4.602   7346  93
 4.603   7345  92
 4.604   7345  92
 4.605   7345  91
 4.606   7346  90
 4.607   7346  89
 4.608   7345  90
 4.609   7345  92
 4.610   7345  92
 4.611   7345  90
 4.612   7345  88
 4.613   7345  88
 4.614   7345  89
 4.615   7345  91
 4.616   7346  90
 4.617   7346  88
 4.618   7345  87
 4.619   7345  87
 4.620   7345  88
 4.621   7346  88
 4.622   7345  88
 4.623   7346  88
 4.624   7345  87
 4.625   7345  87
 4.626   7346  86
 4.627   7345  84
 4.628   7346  83
 4.629   7345  84
 4.630   7345  85
 4.631   7345  85
 4.632   7345  85
 4.633   7346  84
 4.634   7345  84
 4.635   7346  84
 4.636   7345  83
 4.637   7345  82
 4.638   7346  82
 4.639   7346  83
 4.640   7345  83
 4.641   7346  83
 4.642   7346  81
 4.643   7345  82
 4.644   7346  82
 4.645   7346  80
 4.646   7345  79
 4.647   7345  79
 4.648   7346  79
 4.649   7346  78
 4.650   7345  79
 4.651   7346  80
 4.652   7346  80
 4.653   7345  79
 4.654   7346  78
 4.655   7345  77
 4.656   7346  77
 4.657   7345  79
 4.658   7345  78
 4.659   7346  77
 4.660   7346  76
 4.661   7345  75
 4.662   7346  76
 4.663   7346  77
 4.664   7345  78
 4.665   7345  77
 4.666   7345  77
 4.667   7346  76
 4.668   7345  75
 4.669   7346  75
 4.670   7346  75
 4.671   7345  74
 4.672   7346  75
 4.673   7346  76
 4.674   7346  76
 4.675   7346  75
 4.676   7346  74
 4.677   7346  73
 4.678   7346  73
 4.679   7345  73
 4.680   7346  73
 4.681   7346  73
 4.682   7346  73
 4.683   7345  73
 4.684   7346  74
 4.685   7346  73
 4.686   7346  72
 4.687   7346  72
 4.688   7345  72
 4.689   7346  71
 4.690   7346  72
 4.691   7345  73
 4.692   7345  72
 4.693   7346  70
 4.694   7346  69
 4.695   7345  69
 4.696   7346  70
 4.697   7345  70
 4.698   7346  69
 4.699   7345  69
 4.700   7346  69
 4.701   7345  68
 4.702   7346  68
 4.703   7346  68
 4.704   7346  68
 4.705   7345  68
 4.706   7346  68
 4.707   7346  68
 4.708   7346  68
 4.709   7345  67
 4.710   7346  67
 4.711   7346  67
 4.712   7346  66
 4.713   7345  66
 4.714   7345  68
 4.715   7346  69
 4.716   7345  68
 4.717   7345  68
 4.718   7346  68
 4.719   7345  68
 4.720   7346  68
 4.721   7346  67
 4.722   7345  66
 4.723   7346  66
 4.724   7346  65
 4.725   7346  63
 4.726   7345  63
 4.727   7345  65
 4.728   7346  65
 4.729   7345  64
 4.730   7346  65
 4.731   7346  66
 4.732   7345  67
 4.733   7346  65
 4.734   7345  63
 4.735   7346  64
 4.736   7345  65
 4.737   7345  65
 4.738   7345  65
 4.739   7345  65
 4.740   7345  64
 4.741   7345  64
 4.742   7345  63
 4.743   7345  63
 4.744   7346  64
 4.745   7345  64
 4.746   7346  63
 4.747   7345  63
 4.748   7345  64
 4.749   7346  65
 4.750   7346  64
 4.751   7346  65
 4.752   7346  66
 4.753   7345  64
 4.754   7345  62
 4.755   7345  63
 4.756   7345  65
 4.757   7346  66
 4.758   7345  66
 4.759   7345  64
 4.760   7346  65
 4.761   7345  65
 4.762   7345  64
 4.763   7345  64
 4.764   7346  65
 4.765   7345  63
 4.766   7346  62
 4.767   7346  63
 4.768   7346  64
 4.769   7346  63
 4.770   7346  62
 4.771   7346  62
 4.772   7346  62
 4.773   7345  62
 4.774   7345  63
 4.775   7346  62
 4.776   7346  62
 4.777   7345  62
 4.778   7346  63
 4.779   7346  63
 4.780   7346  64
 4.781   7346  65
 4.782   7345  65
 4.783   7345  64
 4.784   7345  63
 4.785   7345  64
 4.786   7346  63
 4.787   7345  63
 4.788   7345  64
 4.789   7346  64
 4.790   7346  65
 4.791   7346  65
 4.792   7346  66
 4.793   7345  67
 4.794   7345  65
 4.795   7346  65
 4.796   7346  65
 4.797   7346  64
 4.798   7345  63
 4.799   7346  64
 4.800   7345  64
 4.801   7346  64
 4.802   7346  65
 4.803   7345  65
 4.804   7346  65
 4.805   7346  64
 4.806   7345  64
 4.807   7346  65
 4.808   7346  65
 4.809   7345  64
 4.810   7346  64
 4.811   7345  65
 4.812   7345  65
 4.813   7346  66
 4.814   7345  66
 4.815   7345  65
 4.816   7345  65
 4.817   7346  66
 4.818   7345  67
 4.819   7345  67
 4.820   7345  67
 4.821   7346  68
 4.822   7345  67
 4.823   7345  66
 4.824   7345  67
 4.825   7345  66
 4.826   7346  66
 4.827   7346  66
 4.828   7345  66
 4.829   7345  66
 4.830   7346  66
 4.831   7346  67
 4.832   7345  68
 4.833   7346  68
 4.834   7346  67
 4.835   7346  67
 4.836   7346  67
 4.837   7346  68
 4.838   7345  68
 4.839   7345  68
 4.840   7345  67
 4.841   7346  67
 4.842   7345  68
 4.843   7345  69
 4.844   7346  69
 4.845   7346  68
 4.846   7345  68
 4.847   7346  69
 4.848   7346  70
 4.849   7345  71
 4.850   7345  70
 4.851   7346  69
 4.852   7346  70
 4.853   7346  71
 4.854   7346  70
 4.855   7346  71
 4.856   7345  71
 4.857   7345  71
 4.858   7346  71
 4.859   7345  72
 4.860   7345  73
 4.861   7346  74
 4.862   7345  73
 4.863   7346  71
 4.864   7346  71
 4.865   7345  71
 4.866   7346  71
 4.867   7346  73
 4.868   7346  73
 4.869   7346  74
 4.870   7345  75
 4.871   7346  75
 4.872   7345  75
 4.873   7346  74
 4.874   7346  74
 4.875   7345  75
 4.876   7346  75
 4.877   7345  76
 4.878   7345  77
 4.879   7346  76
 4.880   7346  75
 4.881   7345  75
 4.882   7346  76
 4.883   7345  77
 4.884   7345  77
 4.885   7346  76
 4.886   7345  77
 4.887   7345  78
 4.888   7346  78
 4.889   7345  80
 4.890   7346  80
 4.891   7346  80
 4.892   7345  81
 4.893   7345  81
 4.894   7345  80
 4.895   7345  79
 4.896   7345  80
 4.897   7345  81
 4.898   7346  80
 4.899   7346  80
 4.900   7345  80
 4.901   7345  81
 4.902   7346  82
 4.903   7345  82
 4.904   7345  82
 4.905   7345  84
 4.906   7346  83
 4.907   7346  83
 4.908   7345  83
 4.909   7345  82
 4.910   7346  82
 4.911   7345  82
 4.912   7345  82
 4.913   7346  83
 4.914   7346  84
 4.915   7346  84
 4.916   7346  85
 4.917   7346  85
 4.918   7346  86
 4.919   7345  87
 4.920   7345  87
 4.921   7345  86
 4.922   7346  86
 4.923   7345  86
 4.924   7346  88
 4.925   7345  89
 4.926   7346  89
 4.927   7345  88
 4.928   7346  89
 4.929   7346  90
 4.930   7346  90
 4.931   7346  90
 4.932   7345  91
 4.933   7345  91
 4.934   7345  91
 4.935   7345  91
 4.936   7346  91
 4.937   7345  90
 4.938   7346  91
 4.939   7346  92
 4.940   7346  93
 4.941   7345  93
 4.942   7346  94
 4.943   7346  94
 4.944   7345  94
 4.945   7345  95
 4.946   7346  96
 4.947   7345  96
 4.948   7345  96
 4.949   7346  96
 4.950   7345  95
 4.951   7345  95
 4.952   7346  96
 4.953   7346  97
 4.954   7345  97
 4.955   7345  97
 4.956   7345  98
 4.957   7345  99
 4.958   7346 100
 4.959   7345 100
 4.960   7346 101
 4.961   7346 102
 4.962   7346 102
 4.963   7346 101
 4.964   7345 101
 4.965   7346 101
 4.966   7345 102
 4.967   7346 103
 4.968   7346 102
 4.969   7346 102
 4.970   7345 103
 4.971   7346 105
 4.972   7345 106
 4.973   7345 107
 4.974   7346 107
 4.975   7345 106
 4.976   7345 106
 4.977   7346 106
 4.978   7346 106
 4.979   7345 107
 4.980   7346 107
 4.981   7345 108
 4.982   7346 109
 4.983   7346 109
 4.984   7345 109
 4.985   7345 108
 4.986   7345 108
 4.987   7346 110
 4.988   7345 110
 4.989   7345 110
 4.990   7345 110
 4.991   7345 111
 4.992   7345 112
 4.993   7346 112
 4.994   7346 112
 4.995   7345 113
 4.996   7346 113
 4.997   7346 113
 4.998   7345 114
 4.999   7346 114
 5.000   7346 116
